1X3 1000 96 156.278542 0.003682 31241811510791753728.000000
1X3 1000 96 160.705533 0.003581 31242179090760568832.000000
1X3 1000 96 186.949494 0.003078 31242545434889453568.000000
1X3 1000 96 168.349162 0.003418 31242921932400226304.000000
1X3 1000 96 170.130937 0.003382 31243305913289822208.000000
1X3 1000 192 205.164481 0.005609 31243805828592836608.000000
1X3 1000 192 201.326728 0.005716 31244191270698356736.000000
1X3 1000 192 233.015512 0.004939 31244573561661657088.000000
1X3 1000 192 212.763070 0.005409 31244960749808693248.000000
1X3 1000 192 201.665688 0.005707 31245341315191250944.000000
1X3 1000 384 226.831413 0.010147 31245897254293061632.000000
1X3 1000 384 236.896904 0.009716 31246314997158584320.000000
1X3 1000 384 230.200907 0.009999 31246727079070781440.000000
1X3 1000 384 224.245374 0.010264 31247137469463052288.000000
1X3 1000 384 221.978140 0.010369 31247549550748045312.000000
1X3 2000 96 222.953099 0.010329 31248287502570348544.000000
1X3 2000 96 232.614504 0.009900 31248700446837710848.000000
1X3 2000 96 235.596006 0.009775 31249107243329363968.000000
1X3 2000 96 230.526530 0.009990 31249515389344120832.000000
1X3 2000 96 239.275754 0.009624 31249922212767010816.000000
1X3 2000 192 252.916919 0.018210 31250711647268335616.000000
1X3 2000 192 268.475195 0.017155 31251179267808149504.000000
1X3 2000 192 259.153984 0.017772 31251633450511851520.000000
1X3 2000 192 258.168249 0.017840 31252094744517582848.000000
1X3 2000 192 258.806870 0.017796 31252554416744202240.000000
1X3 2000 384 269.635168 0.034162 31253482200665812992.000000
1X3 2000 384 270.207142 0.034090 31254055856649932800.000000
1X3 2000 384 271.360480 0.033945 31254623689754341376.000000
1X3 2000 384 270.487825 0.034055 31255185351748648960.000000
1X3 2000 384 270.723898 0.034025 31255752399899504640.000000
1X3 3000 96 250.998298 0.020647 31257012523804491776.000000
1X3 3000 96 251.674492 0.020591 31257492933470068736.000000
1X3 3000 96 252.789551 0.020500 31257968278649507840.000000
1X3 3000 96 257.502906 0.020125 31258437749467635712.000000
1X3 3000 96 251.941457 0.020569 31258907386480951296.000000
1X3 3000 192 274.793262 0.037718 31260199963830726656.000000
1X3 3000 192 271.311934 0.038202 31260779877734531072.000000
1X3 3000 192 273.983340 0.037829 31261359909871935488.000000
1X3 3000 192 271.191528 0.038219 31261937990412627968.000000
1X3 3000 192 273.425966 0.037906 31262519037813977088.000000
1X3 3000 384 282.601274 0.073351 31264006061957218304.000000
1X3 3000 384 287.078828 0.072207 31264816564963098624.000000
1X3 3000 384 288.763529 0.071786 31265613835316834304.000000
1X3 3000 384 289.344910 0.071641 31266412188652900352.000000
1X3 3000 384 286.883436 0.072256 31267209486257852416.000000
1X3 4000 96 260.532849 0.035365 31269285746224439296.000000
1X3 4000 96 260.738794 0.035337 31269845457793241088.000000
1X3 4000 96 264.526961 0.034831 31270408057880326144.000000
1X3 4000 96 264.209667 0.034873 31270967265986760704.000000
1X3 4000 96 262.376834 0.035116 31271526195616411648.000000
1X3 4000 192 278.164093 0.066246 31273475058168569856.000000
1X3 4000 192 282.924602 0.065132 31274233326181863424.000000
1X3 4000 192 282.040959 0.065336 31274984467053092864.000000
1X3 4000 192 282.606784 0.065205 31275737285869854720.000000
1X3 4000 192 284.612390 0.064746 31276490391425802240.000000
1X3 4000 384 291.068532 0.126619 31278792239227514880.000000
1X3 4000 384 293.910289 0.125395 31279936667362283520.000000
1X3 4000 384 294.778625 0.125025 31281073985353420800.000000
1X3 4000 384 293.382179 0.125620 31282211368995762176.000000
1X3 4000 384 294.291650 0.125232 31283352624433098752.000000
1X3 5000 96 250.067983 0.057573 31286528340248715264.000000
1X3 5000 96 257.750460 0.055857 31287232132258316288.000000
1X3 5000 96 256.191419 0.056197 31287918187155214336.000000
1X3 5000 96 256.597597 0.056108 31288610378090213376.000000
1X3 5000 96 256.791693 0.056065 31289303324551561216.000000
1X3 5000 192 272.801422 0.105550 31292131819674132480.000000
1X3 5000 192 271.939605 0.105885 31293141159348465664.000000
1X3 5000 192 276.077317 0.104298 31294150271592407040.000000
1X3 5000 192 274.107519 0.105047 31295151945398329344.000000
1X3 5000 192 270.772609 0.106341 31296159284291960832.000000
1X3 5000 384 274.552037 0.209754 31299530327976230912.000000
1X3 5000 384 269.103499 0.214001 31301210410938609664.000000
1X3 5000 384 276.244791 0.208469 31302910020024836096.000000
1X3 5000 384 272.654053 0.211214 31304579002533376000.000000
1X3 5000 384 274.658460 0.209673 31306261489354874880.000000
2X3 1000 96 135.101110 0.004259 31311728903135883264.000000
2X3 1000 96 172.065029 0.003344 31312105877459435520.000000
2X3 1000 96 156.558278 0.003675 31312474133908221952.000000
2X3 1000 96 173.058392 0.003325 31312842536545775616.000000
2X3 1000 96 161.980710 0.003552 31313211346408939520.000000
2X3 1000 192 208.797732 0.005512 31313709975798423552.000000
2X3 1000 192 204.511214 0.005627 31314096784335884288.000000
2X3 1000 192 203.372111 0.005659 31314480168239931392.000000
2X3 1000 192 200.477971 0.005741 31314863955843125248.000000
2X3 1000 192 198.925728 0.005785 31315246333654401024.000000
2X3 1000 384 217.343282 0.010590 31315803278343364608.000000
2X3 1000 384 240.182972 0.009583 31316219684511342592.000000
2X3 1000 384 249.065233 0.009241 31316627671786942464.000000
2X3 1000 384 231.167272 0.009957 31317035684598534144.000000
2X3 1000 384 221.257928 0.010403 31317449672405037056.000000
2X3 2000 96 223.547438 0.010301 31318183031382777856.000000
2X3 2000 96 233.296140 0.009871 31318598515611594752.000000
2X3 2000 96 238.436096 0.009658 31319005598893645824.000000
2X3 2000 96 232.291778 0.009914 31319413749708427264.000000
2X3 2000 96 235.140018 0.009794 31319819719627329536.000000
2X3 2000 192 249.074588 0.018491 31320615438755549184.000000
2X3 2000 192 255.236900 0.018045 31321084195288915968.000000
2X3 2000 192 255.563251 0.018022 31321545849038630912.000000
2X3 2000 192 254.346248 0.018108 31322006343185211392.000000
2X3 2000 192 256.261446 0.017973 31322466651328598016.000000
2X3 2000 384 270.261376 0.034083 31323402744798580736.000000
2X3 2000 384 268.430014 0.034316 31323972666728493056.000000
2X3 2000 384 269.084969 0.034232 31324537077586677760.000000
2X3 2000 384 269.760476 0.034147 31325098373008191488.000000
2X3 2000 384 268.890364 0.034257 31325659032487354368.000000
2X3 3000 96 251.945168 0.020569 31326915335061356544.000000
2X3 3000 96 258.380690 0.020057 31327399295913967616.000000
2X3 3000 96 253.150835 0.020471 31327874903390978048.000000
2X3 3000 96 256.965013 0.020167 31328351691514343424.000000
2X3 3000 96 253.002489 0.020483 31328826093481017344.000000
2X3 3000 192 266.586314 0.038879 31330087414665940992.000000
2X3 3000 192 271.962667 0.038110 31330684533400887296.000000
2X3 3000 192 269.135688 0.038510 31331267512808558592.000000
2X3 3000 192 271.818755 0.038130 31331857417771065344.000000
2X3 3000 192 268.171932 0.038649 31332442456833011712.000000
2X3 3000 384 285.382680 0.072636 31333946371925831680.000000
2X3 3000 384 285.172397 0.072690 31334760268883443712.000000
2X3 3000 384 285.175920 0.072689 31335566230411218944.000000
2X3 3000 384 286.680971 0.072307 31336378687202594816.000000
2X3 3000 384 287.024259 0.072221 31337185732224634880.000000
2X3 4000 96 259.375828 0.035523 31339280818686271488.000000
2X3 4000 96 259.946131 0.035445 31339851179547369472.000000
2X3 4000 96 260.029926 0.035433 31340417462341455872.000000
2X3 4000 96 261.859167 0.035186 31340986069340217344.000000
2X3 4000 96 260.700342 0.035342 31341549166035267584.000000
2X3 4000 192 277.956099 0.066296 31343500456932892672.000000
2X3 4000 192 282.864474 0.065146 31344267071115366400.000000
2X3 4000 192 282.643091 0.065197 31345022154162409472.000000
2X3 4000 192 281.014876 0.065574 31345782972709978112.000000
2X3 4000 192 279.986634 0.065815 31346542632991989760.000000
2X3 4000 384 292.242529 0.126110 31348862740139978752.000000
2X3 4000 384 291.634541 0.126373 31350015110648770560.000000
2X3 4000 384 292.741173 0.125895 31351161877554634752.000000
2X3 4000 384 291.578393 0.126398 31352309774892433408.000000
2X3 4000 384 292.452816 0.126020 31353459647558148096.000000
2X3 5000 96 255.406689 0.056369 31356663302482731008.000000
2X3 5000 96 257.556848 0.055899 31357362655561388032.000000
2X3 5000 96 258.777721 0.055635 31358054184000405504.000000
2X3 5000 96 258.327971 0.055732 31358747302544961536.000000
2X3 5000 96 257.495052 0.055912 31359441942772625408.000000
2X3 5000 192 273.667503 0.105216 31362280340883513344.000000
2X3 5000 192 274.015541 0.105083 31363292651104899072.000000
2X3 5000 192 273.855620 0.105144 31364299276744155136.000000
2X3 5000 192 275.230068 0.104619 31365309727567241216.000000
2X3 5000 192 274.989138 0.104710 31366317269539266560.000000
2X3 5000 384 282.984652 0.203504 31369627711453732864.000000
2X3 5000 384 281.766489 0.204384 31371270606200393728.000000
2X3 5000 384 282.117095 0.204130 31372914219347017728.000000
2X3 5000 384 282.266582 0.204022 31374562253600612352.000000
2X3 5000 384 280.171717 0.205547 31376207035713576960.000000
3X3 1000 96 130.409804 0.004412 31381741972563218432.000000
3X3 1000 96 187.348543 0.003071 31382118199782809600.000000
3X3 1000 96 171.146560 0.003362 31382481399835058176.000000
3X3 1000 96 164.842465 0.003491 31382842819669778432.000000
3X3 1000 96 150.740744 0.003817 31383205255030878208.000000
3X3 1000 192 189.063988 0.006087 31383699418110156800.000000
3X3 1000 192 194.563933 0.005915 31384086126449229824.000000
3X3 1000 192 195.002895 0.005902 31384467889956515840.000000
3X3 1000 192 188.775015 0.006096 31384851916874928128.000000
3X3 1000 192 188.815061 0.006095 31385234659934191616.000000
3X3 1000 384 224.985924 0.010230 31385794628424597504.000000
3X3 1000 384 235.859450 0.009759 31386212642509291520.000000
3X3 1000 384 220.333410 0.010446 31386618959455379456.000000
3X3 1000 384 222.482690 0.010346 31387031150711570432.000000
3X3 1000 384 220.989985 0.010415 31387440305347104768.000000
3X3 2000 96 229.303359 0.010043 31388165638430842880.000000
3X3 2000 96 243.283048 0.009466 31388577501232652288.000000
3X3 2000 96 226.900824 0.010149 31388986786626580480.000000
3X3 2000 96 226.917190 0.010148 31389394913633382400.000000
3X3 2000 96 230.237003 0.010002 31389802590329790464.000000
3X3 2000 192 252.470728 0.018242 31390595247179763712.000000
3X3 2000 192 253.304032 0.018182 31391063603188342784.000000
3X3 2000 192 250.104371 0.018415 31391521775856640000.000000
3X3 2000 192 250.036767 0.018420 31391982502918402048.000000
3X3 2000 192 248.868737 0.018507 31392443568661745664.000000
3X3 2000 384 262.397707 0.035105 31393372140378505216.000000
3X3 2000 384 262.540739 0.035086 31393942660778790912.000000
3X3 2000 384 262.874472 0.035041 31394511200609566720.000000
3X3 2000 384 262.198732 0.035131 31395077197208481792.000000
3X3 2000 384 261.463981 0.035230 31395645263196049408.000000
3X3 3000 96 255.465716 0.020286 31396913885679828992.000000
3X3 3000 96 255.028540 0.020320 31397390354199994368.000000
3X3 3000 96 251.106528 0.020638 31397863323142758400.000000
3X3 3000 96 247.962100 0.020899 31398336607931895808.000000
3X3 3000 96 246.347070 0.021036 31398811434928943104.000000
3X3 3000 192 261.261713 0.039671 31400068558725292032.000000
3X3 3000 192 265.807006 0.038993 31400672081037520896.000000
3X3 3000 192 264.005631 0.039259 31401262650742390784.000000
3X3 3000 192 269.495321 0.038459 31401859787064524800.000000
3X3 3000 192 267.480752 0.038749 31402453758318039040.000000
3X3 3000 384 277.521255 0.074694 31403953948252614656.000000
3X3 3000 384 278.703180 0.074377 31404773072966873088.000000
3X3 3000 384 277.409744 0.074724 31405581239710466048.000000
3X3 3000 384 279.099338 0.074271 31406396210696912896.000000
3X3 3000 384 279.262603 0.074228 31407218959449374720.000000
3X3 4000 96 254.010796 0.036273 31409306652100186112.000000
3X3 4000 96 256.701098 0.035893 31409882269415415808.000000
3X3 4000 96 255.390911 0.036077 31410451869047726080.000000
3X3 4000 96 257.210119 0.035822 31411026884026966016.000000
3X3 4000 96 255.577999 0.036050 31411596540657696768.000000
3X3 4000 192 275.139737 0.066975 31413567333775151104.000000
3X3 4000 192 275.127799 0.066978 31414337048693477376.000000
3X3 4000 192 274.700292 0.067082 31415103328981540864.000000
3X3 4000 192 274.603095 0.067106 31415871691291934720.000000
3X3 4000 192 274.350946 0.067167 31416638706587987968.000000
3X3 4000 384 285.256457 0.129199 31418963903559729152.000000
3X3 4000 384 286.251072 0.128750 31420132786509283328.000000
3X3 4000 384 285.429807 0.129120 31421296301196709888.000000
3X3 4000 384 285.625590 0.129032 31422464617035886592.000000
3X3 4000 384 285.950525 0.128885 31423633222820659200.000000
3X3 5000 96 252.575332 0.057001 31426779323085824000.000000
3X3 5000 96 252.139653 0.057100 31427481929892204544.000000
3X3 5000 96 252.801851 0.056950 31428179346606153728.000000
3X3 5000 96 251.337878 0.057282 31428877969150402560.000000
3X3 5000 96 253.388874 0.056818 31429578995470581760.000000
3X3 5000 192 265.729407 0.108359 31432437138316460032.000000
3X3 5000 192 268.684846 0.107167 31433480694929883136.000000
3X3 5000 192 269.245248 0.106944 31434508265105702912.000000
3X3 5000 192 270.399088 0.106488 31435535577975943168.000000
3X3 5000 192 269.897028 0.106686 31436558361694412800.000000
3X3 5000 384 277.640821 0.207421 31439926052015620096.000000
3X3 5000 384 278.289317 0.206937 31441600044373520384.000000
3X3 5000 384 277.882014 0.207241 31443268769691688960.000000
3X3 5000 384 278.668135 0.206656 31444940871873683456.000000
3X3 5000 384 278.921336 0.206469 31446603972750520320.000000
4X3 1000 96 166.797929 0.003450 31452409284876263424.000000
4X3 1000 96 154.961802 0.003713 31452776007334731776.000000
4X3 1000 96 170.738373 0.003370 31453144850490789888.000000
4X3 1000 96 155.917970 0.003691 31453508274510913536.000000
4X3 1000 96 164.485011 0.003498 31453874643734175744.000000
4X3 1000 192 201.550833 0.005710 31454361341994655744.000000
4X3 1000 192 194.555546 0.005915 31454749042602463232.000000
4X3 1000 192 206.438614 0.005575 31455127047172382720.000000
4X3 1000 192 206.967098 0.005561 31455504473572700160.000000
4X3 1000 192 194.661708 0.005912 31455880729982685184.000000
4X3 1000 384 210.795318 0.010919 31456432920553488384.000000
4X3 1000 384 218.418820 0.010538 31456852359041298432.000000
4X3 1000 384 220.111348 0.010457 31457266692383866880.000000
4X3 1000 384 221.598801 0.010387 31457681461873463296.000000
4X3 1000 384 215.512407 0.010680 31458098350166208512.000000
4X3 2000 96 221.323500 0.010405 31458844329444106240.000000
4X3 2000 96 229.136733 0.010050 31459263129781567488.000000
4X3 2000 96 226.791374 0.010154 31459675466285752320.000000
4X3 2000 96 226.416942 0.010171 31460085751852433408.000000
4X3 2000 96 230.279964 0.010000 31460498210244608000.000000
4X3 2000 192 245.371399 0.018770 31461291830160121856.000000
4X3 2000 192 251.645722 0.018302 31461766949925175296.000000
4X3 2000 192 259.372754 0.017757 31462228108788506624.000000
4X3 2000 192 250.863524 0.018359 31462696865379483648.000000
4X3 2000 192 251.193343 0.018335 31463156138681311232.000000
4X3 2000 384 261.817787 0.035182 31464085066436468736.000000
4X3 2000 384 259.109283 0.035550 31464658793921392640.000000
4X3 2000 384 264.390637 0.034840 31465229902692827136.000000
4X3 2000 384 262.934539 0.035033 31465795944987717632.000000
4X3 2000 384 262.855014 0.035044 31466365590232846336.000000
4X3 3000 96 244.818744 0.021168 31467638073702014976.000000
4X3 3000 96 246.613936 0.021014 31468127820794331136.000000
4X3 3000 96 245.494638 0.021110 31468611662018142208.000000
4X3 3000 96 250.846065 0.020659 31469092084451721216.000000
4X3 3000 96 251.257555 0.020625 31469570651198976000.000000
4X3 3000 192 259.709992 0.039908 31470830567628816384.000000
4X3 3000 192 264.822538 0.039138 31471435889864126464.000000
4X3 3000 192 263.389304 0.039351 31472027785565618176.000000
4X3 3000 192 265.096354 0.039097 31472625724479827968.000000
4X3 3000 192 264.528174 0.039181 31473218608783032320.000000
4X3 3000 384 277.089516 0.074810 31474725671414837248.000000
4X3 3000 384 278.290628 0.074487 31475550675981590528.000000
4X3 3000 384 277.772227 0.074626 31476370643882991616.000000
4X3 3000 384 278.239636 0.074501 31477190668750790656.000000
4X3 3000 384 278.197955 0.074512 31478013471512846336.000000
4X3 4000 96 253.425538 0.036357 31480132214709313536.000000
4X3 4000 96 255.697796 0.036034 31480704665919094784.000000
4X3 4000 96 255.029067 0.036128 31481270312745213952.000000
4X3 4000 96 255.971943 0.035995 31481838858169573376.000000
4X3 4000 96 256.016695 0.035989 31482406792726781952.000000
4X3 4000 192 274.254045 0.067191 31484374829229977600.000000
4X3 4000 192 273.395362 0.067402 31485141378145259520.000000
4X3 4000 192 274.021267 0.067248 31485908586785312768.000000
4X3 4000 192 274.649065 0.067094 31486676125831712768.000000
4X3 4000 192 273.660447 0.067337 31487443787220545536.000000
4X3 4000 384 285.027295 0.129303 31489751261562757120.000000
4X3 4000 384 286.958138 0.128433 31490917893478830080.000000
4X3 4000 384 286.355283 0.128703 31492078429990404096.000000
4X3 4000 384 287.217095 0.128317 31493242341759406080.000000
4X3 4000 384 286.977189 0.128424 31494405700619649024.000000
4X3 5000 96 251.097914 0.057337 31497556945665277952.000000
4X3 5000 96 253.400140 0.056816 31498261171274846208.000000
4X3 5000 96 253.520752 0.056789 31498956242894508032.000000
4X3 5000 96 253.921594 0.056699 31499655228197171200.000000
4X3 5000 96 253.595466 0.056772 31500354136168620032.000000
4X3 5000 192 268.226934 0.107350 31503173884859629568.000000
4X3 5000 192 271.323673 0.106125 31504189455356047360.000000
4X3 5000 192 270.033629 0.106632 31505188374422900736.000000
4X3 5000 192 268.715991 0.107155 31506200068625117184.000000
4X3 5000 192 270.882160 0.106298 31507209637009842176.000000
4X3 5000 384 278.094634 0.207082 31510571760707334144.000000
4X3 5000 384 278.516136 0.206769 31512231117654765568.000000
4X3 5000 384 279.252339 0.206224 31513886378192793600.000000
4X3 5000 384 280.193585 0.205531 31515540877137272832.000000
4X3 5000 384 277.685195 0.207388 31517192414821097472.000000
6X3 1000 96 139.781203 0.004117 31523687156409966592.000000
6X3 1000 96 159.256722 0.003613 31524055683386736640.000000
6X3 1000 96 156.741994 0.003671 31524417196053463040.000000
6X3 1000 96 166.394270 0.003458 31524777454089846784.000000
6X3 1000 96 163.984246 0.003509 31525135090852769792.000000
6X3 1000 192 203.301372 0.005661 31525621036121268224.000000
6X3 1000 192 200.184660 0.005749 31526016246386311168.000000
6X3 1000 192 196.444550 0.005858 31526399394956267520.000000
6X3 1000 192 193.313169 0.005953 31526788777253289984.000000
6X3 1000 192 211.328560 0.005446 31527172327346106368.000000
6X3 1000 384 229.947792 0.010010 31527727382038339584.000000
6X3 1000 384 220.487804 0.010439 31528141607700848640.000000
6X3 1000 384 225.104765 0.010225 31528552207488311296.000000
6X3 1000 384 221.494140 0.010392 31528960538853449728.000000
6X3 1000 384 227.713257 0.010108 31529373941693632512.000000
6X3 2000 96 227.220728 0.010135 31530129187364675584.000000
6X3 2000 96 247.985082 0.009286 31530541044092874752.000000
6X3 2000 96 237.067173 0.009714 31530950137064423424.000000
6X3 2000 96 226.984446 0.010145 31531356781242490880.000000
6X3 2000 96 236.200900 0.009750 31531768028127514624.000000
6X3 2000 192 247.614816 0.018600 31532562170475012096.000000
6X3 2000 192 262.968257 0.017514 31533034369030610944.000000
6X3 2000 192 257.606594 0.017879 31533496836207476736.000000
6X3 2000 192 255.429369 0.018031 31533958401470799872.000000
6X3 2000 192 256.762424 0.017938 31534419433838153728.000000
6X3 2000 384 269.081746 0.034233 31535348379263705088.000000
6X3 2000 384 272.636929 0.033786 31535920289507110912.000000
6X3 2000 384 268.555394 0.034300 31536481732083834880.000000
6X3 2000 384 267.026033 0.034496 31537050168964014080.000000
6X3 2000 384 270.753237 0.034021 31537615487451168768.000000
6X3 3000 96 251.191692 0.020631 31538879743023017984.000000
6X3 3000 96 259.620301 0.019961 31539365453878677504.000000
6X3 3000 96 251.404495 0.020613 31539840413663096832.000000
6X3 3000 96 259.634765 0.019960 31540315283162562560.000000
6X3 3000 96 255.870783 0.020253 31540797446594449408.000000
6X3 3000 192 267.632655 0.038727 31542053584317247488.000000
6X3 3000 192 270.161898 0.038364 31542649972050608128.000000
6X3 3000 192 270.012056 0.038385 31543240206536323072.000000
6X3 3000 192 269.072819 0.038519 31543831865373929472.000000
6X3 3000 192 271.767403 0.038138 31544422303827595264.000000
6X3 3000 384 285.481904 0.072611 31545928254369910784.000000
6X3 3000 384 284.643848 0.072825 31546743490111545344.000000
6X3 3000 384 284.359358 0.072898 31547555763088535552.000000
6X3 3000 384 285.125099 0.072702 31548368121902313472.000000
6X3 3000 384 284.629433 0.072828 31549176145765916672.000000
6X3 4000 96 259.717662 0.035476 31551264003991130112.000000
6X3 4000 96 261.879806 0.035183 31551831318420365312.000000
6X3 4000 96 260.906974 0.035314 31552393231269048320.000000
6X3 4000 96 260.474964 0.035373 31552959775490347008.000000
6X3 4000 96 266.452703 0.034579 31553527252140359680.000000
6X3 4000 192 278.964023 0.066057 31555479041098772480.000000
6X3 4000 192 281.370257 0.065492 31556242862954983424.000000
6X3 4000 192 280.224868 0.065759 31557002667505790976.000000
6X3 4000 192 282.735596 0.065175 31557765265758859264.000000
6X3 4000 192 281.437678 0.065476 31558523974066532352.000000
6X3 4000 384 292.846887 0.125850 31560848995511877632.000000
6X3 4000 384 294.347717 0.125208 31561997576926453760.000000
6X3 4000 384 293.436703 0.125597 31563138829842182144.000000
6X3 4000 384 294.426497 0.125175 31564289734053437440.000000
6X3 4000 384 293.811385 0.125437 31565435898917728256.000000
6X3 5000 96 257.295165 0.055956 31568569958818619392.000000
6X3 5000 96 258.284023 0.055741 31569268003948498944.000000
6X3 5000 96 257.629737 0.055883 31569958253533208576.000000
6X3 5000 96 257.137479 0.055990 31570656715367067648.000000
6X3 5000 96 259.612619 0.055456 31571354171684208640.000000
6X3 5000 192 274.876542 0.104753 31574200842978684928.000000
6X3 5000 192 274.410588 0.104931 31575208305565106176.000000
6X3 5000 192 276.867937 0.104000 31576211030660575232.000000
6X3 5000 192 275.110398 0.104664 31577213020434468864.000000
6X3 5000 192 275.506405 0.104514 31578224066291118080.000000
6X3 5000 384 285.792209 0.201505 31581566970367176704.000000
6X3 5000 384 284.515523 0.202409 31583194873370578944.000000
6X3 5000 384 286.056936 0.201318 31584824897333882880.000000
6X3 5000 384 285.598816 0.201641 31586457205815443456.000000
6X3 5000 384 285.821577 0.201484 31588085802143637504.000000
