1X3 1000 96 128.271351 0.004486 590533503567850635264.000000
1X3 1000 96 159.867533 0.003599 590533905052912058368.000000
1X3 1000 96 158.715720 0.003626 590534288677097701376.000000
1X3 1000 96 157.649202 0.003650 590534683801660424192.000000
1X3 1000 96 204.925704 0.002808 590535072956892184576.000000
1X3 1000 192 181.912879 0.006326 590535606309787009024.000000
1X3 1000 192 191.458588 0.006011 590536016910976155648.000000
1X3 1000 192 207.575767 0.005544 590536422754193899520.000000
1X3 1000 192 223.694538 0.005145 590536825468503851008.000000
1X3 1000 192 189.938875 0.006059 590537233262166540288.000000
1X3 1000 384 224.307394 0.010261 590537819345010819072.000000
1X3 1000 384 228.386745 0.010078 590538252279433789440.000000
1X3 1000 384 225.303539 0.010216 590538681447559725056.000000
1X3 1000 384 227.860755 0.010101 590539110768234987520.000000
1X3 1000 384 219.310067 0.010495 590539542110467129344.000000
1X3 1000 768 238.173307 0.019328 590540236496729931776.000000
1X3 1000 768 237.736184 0.019363 590540728793620807680.000000
1X3 1000 768 237.448060 0.019387 590541216318108073984.000000
1X3 1000 768 235.525967 0.019545 590541710460726673408.000000
1X3 1000 768 237.702475 0.019366 590542207104618463232.000000
1X3 2000 96 222.029756 0.010372 590543030443271782400.000000
1X3 2000 96 246.379201 0.009347 590543462189035945984.000000
1X3 2000 96 249.243346 0.009239 590543891550742249472.000000
1X3 2000 96 228.850980 0.010063 590544317236564328448.000000
1X3 2000 96 238.429233 0.009658 590544743640184520704.000000
1X3 2000 192 255.642064 0.018016 590545566782089068544.000000
1X3 2000 192 252.651535 0.018229 590546050866461671424.000000
1X3 2000 192 254.965301 0.018064 590546531689317269504.000000
1X3 2000 192 256.795279 0.017935 590547008536948113408.000000
1X3 2000 192 256.835304 0.017932 590547487236092067840.000000
1X3 2000 384 256.346612 0.035933 590548485318519291904.000000
1X3 2000 384 267.886384 0.034385 590549080508959817728.000000
1X3 2000 384 267.343905 0.034455 590549663653583388672.000000
1X3 2000 384 268.268478 0.034336 590550256829003464704.000000
1X3 2000 384 268.428426 0.034316 590550839979194974208.000000
1X3 2000 768 278.563467 0.066135 590552066235061764096.000000
1X3 2000 768 280.155804 0.065759 590552856793558024192.000000
1X3 2000 768 278.509327 0.066148 590553648152187502592.000000
1X3 2000 768 279.647698 0.065879 590554434821837553664.000000
1X3 2000 768 279.468457 0.065921 590555257627729330176.000000
1X3 3000 96 248.841008 0.020826 590556758070886268928.000000
1X3 3000 96 253.483466 0.020444 590557254793628614656.000000
1X3 3000 96 252.550371 0.020520 590557739456123633664.000000
1X3 3000 96 254.041247 0.020399 590558222910275321856.000000
1X3 3000 96 252.468515 0.020526 590558707430737575936.000000
1X3 3000 192 270.099984 0.038373 590560035297096892416.000000
1X3 3000 192 275.008989 0.037688 590560650972912287744.000000
1X3 3000 192 272.330379 0.038059 590561278614385197056.000000
1X3 3000 192 271.113603 0.038230 590561888099122544640.000000
1X3 3000 192 263.425587 0.039345 590562492611783557120.000000
1X3 3000 384 277.486832 0.074703 590564078811678769152.000000
1X3 3000 384 283.707917 0.073065 590564913129339224064.000000
1X3 3000 384 283.505367 0.073117 590565739189605236736.000000
1X3 3000 384 274.493574 0.075518 590566565422171815936.000000
1X3 3000 384 283.535982 0.073109 590567408863217713152.000000
1X3 3000 768 288.383612 0.143761 590569434415065202688.000000
1X3 3000 768 288.417082 0.143744 590570715122175574016.000000
1X3 3000 768 288.451603 0.143727 590571994838693969920.000000
1X3 3000 768 287.208383 0.144349 590573281695640846336.000000
1X3 3000 768 282.885997 0.146554 590574565833419915264.000000
1X3 4000 96 256.406749 0.035934 590577189793090240512.000000
1X3 4000 96 259.680938 0.035481 590577772811160387584.000000
1X3 4000 96 262.579801 0.035089 590578356609799946240.000000
1X3 4000 96 258.884675 0.035590 590578940760605982720.000000
1X3 4000 96 254.500160 0.036203 590579523979123752960.000000
1X3 4000 192 278.855670 0.066082 590581552084507426816.000000
1X3 4000 192 280.191020 0.065767 590582323783035125760.000000
1X3 4000 192 275.280619 0.066940 590583095354266746880.000000
1X3 4000 192 278.330827 0.066207 590583877581824589824.000000
1X3 4000 192 278.846577 0.066084 590584651530438967296.000000
1X3 4000 384 285.888030 0.128913 590587038730396368896.000000
1X3 4000 384 291.240860 0.126544 590588214008135942144.000000
1X3 4000 384 291.066704 0.126620 590589374543450734592.000000
1X3 4000 384 286.482062 0.128646 590590539630643773440.000000
1X3 4000 384 282.765682 0.130337 590591713923295215616.000000
1X3 4000 768 281.760702 0.261603 590594829583542517760.000000
1X3 4000 768 286.424022 0.257344 590596852633457524736.000000
1X3 4000 768 285.423715 0.258246 590598853530771652608.000000
1X3 4000 768 285.902453 0.257814 590600865446837092352.000000
1X3 4000 768 285.313146 0.258346 590602868385303887872.000000
1X3 5000 96 252.081321 0.057113 590606950294725459968.000000
1X3 5000 96 248.984291 0.057823 590607667153966333952.000000
1X3 5000 96 255.708293 0.056303 590608405004137529344.000000
1X3 5000 96 256.095897 0.056218 590609113231244394496.000000
1X3 5000 96 253.181007 0.056865 590609823802651967488.000000
1X3 5000 192 269.299687 0.106923 590612790193780555776.000000
1X3 5000 192 267.182018 0.107770 590613817753236013056.000000
1X3 5000 192 270.314340 0.106521 590614848054413754368.000000
1X3 5000 192 270.504020 0.106447 590615873820186378240.000000
1X3 5000 192 264.302473 0.108944 590616910092428771328.000000
1X3 5000 384 272.316841 0.211476 590620342185479897088.000000
1X3 5000 384 274.946287 0.209454 590622041509311938560.000000
1X3 5000 384 273.023808 0.210928 590623726107787526144.000000
1X3 5000 384 272.882029 0.211038 590625424667523284992.000000
1X3 5000 384 273.574009 0.210504 590627123733563310080.000000
1X3 5000 768 266.749494 0.431779 590631621254010372096.000000
1X3 5000 768 253.294825 0.454715 590634730107038859264.000000
1X3 5000 768 256.707814 0.448669 590637980311407689728.000000
1X3 5000 768 262.927805 0.438055 590641200909172736000.000000
1X3 5000 768 258.773408 0.445088 590644359854672314368.000000
2X3 1000 96 147.042221 0.003913 590650719868351414272.000000
2X3 1000 96 192.890049 0.002983 590651113325592313856.000000
2X3 1000 96 164.758829 0.003493 590651521162627776512.000000
2X3 1000 96 177.017754 0.003251 590651905811274399744.000000
2X3 1000 96 167.372312 0.003438 590652290026512842752.000000
2X3 1000 192 191.914161 0.005997 590652807035543355392.000000
2X3 1000 192 196.869145 0.005846 590653210019375611904.000000
2X3 1000 192 202.184300 0.005692 590653606172181397504.000000
2X3 1000 192 206.233371 0.005580 590654009144724422656.000000
2X3 1000 192 211.500844 0.005441 590654408532122009600.000000
2X3 1000 384 225.842237 0.010192 590654979564605407232.000000
2X3 1000 384 222.182087 0.010360 590655413492321484800.000000
2X3 1000 384 235.068234 0.009792 590655846528197328896.000000
2X3 1000 384 232.745229 0.009889 590656272541385621504.000000
2X3 1000 384 233.666845 0.009850 590656699850004234240.000000
2X3 1000 768 237.271663 0.019401 590657381100997443584.000000
2X3 1000 768 244.860026 0.018800 590657870651398684672.000000
2X3 1000 768 243.457704 0.018908 590658355587719888896.000000
2X3 1000 768 243.240403 0.018925 590658838517417377792.000000
2X3 1000 768 259.443842 0.017743 590659322394289242112.000000
2X3 2000 96 234.343012 0.009827 590660124213519450112.000000
2X3 2000 96 241.516957 0.009535 590660548365069582336.000000
2X3 2000 96 234.949080 0.009801 590660970507045175296.000000
2X3 2000 96 234.783247 0.009808 590661398221814235136.000000
2X3 2000 96 247.847977 0.009291 590661820709607571456.000000
2X3 2000 192 254.766399 0.018078 590662632324045602816.000000
2X3 2000 192 259.110595 0.017775 590663110238182965248.000000
2X3 2000 192 258.404174 0.017824 590663587278959149056.000000
2X3 2000 192 263.434366 0.017483 590664063590327386112.000000
2X3 2000 192 257.862498 0.017861 590664538267442872320.000000
2X3 2000 384 267.832538 0.034392 590665488957609738240.000000
2X3 2000 384 271.873965 0.033881 590666066960121593856.000000
2X3 2000 384 269.175191 0.034221 590666637828758700032.000000
2X3 2000 384 264.369838 0.034843 590667218615392141312.000000
2X3 2000 384 275.991422 0.033376 590667809315023224832.000000
2X3 2000 768 271.416746 0.067876 590669162412664422400.000000
2X3 2000 768 269.578837 0.068339 590670008513671725056.000000
2X3 2000 768 268.730187 0.068555 590670835199460769792.000000
2X3 2000 768 274.614161 0.067086 590671648200232796160.000000
2X3 2000 768 270.758020 0.068042 590672452798438965248.000000
2X3 3000 96 210.663467 0.024600 590674120586003742720.000000
2X3 3000 96 233.750797 0.022170 590674717014434643968.000000
2X3 3000 96 245.965292 0.021069 590675238880688209920.000000
2X3 3000 96 257.040440 0.020161 590675787695270658048.000000
2X3 3000 96 142.353786 0.036404 590676293444307779584.000000
2X3 3000 192 276.846031 0.037438 590677989459538345984.000000
2X3 3000 192 269.644393 0.038438 590678598533389484032.000000
2X3 3000 192 274.929176 0.037699 590679211092494778368.000000
2X3 3000 192 257.738898 0.040213 590679820359421132800.000000
2X3 3000 192 263.758936 0.039296 590680437619685064704.000000
2X3 3000 384 279.800779 0.074085 590682014096149839872.000000
2X3 3000 384 288.949649 0.071739 590682858007953932288.000000
2X3 3000 384 288.079552 0.071956 590683698589243146240.000000
2X3 3000 384 283.700562 0.073067 590684520513183023104.000000
2X3 3000 384 283.020972 0.073242 590685345431432855552.000000
2X3 3000 768 289.787757 0.143064 590687374388502462464.000000
2X3 3000 768 290.480432 0.142723 590688663422614241280.000000
2X3 3000 768 290.424939 0.142750 590689933887421153280.000000
2X3 3000 768 290.837757 0.142547 590691223547945418752.000000
2X3 3000 768 285.172793 0.145379 590692497444694392832.000000
2X3 4000 96 264.057764 0.034893 590695146448408543232.000000
2X3 4000 96 257.894299 0.035727 590695719747867901952.000000
2X3 4000 96 260.856005 0.035321 590696295024779853824.000000
2X3 4000 96 260.095410 0.035424 590696871304642166784.000000
2X3 4000 96 263.502089 0.034966 590697447152498638848.000000
2X3 4000 192 282.184902 0.065303 590699443576839995392.000000
2X3 4000 192 283.758934 0.064940 590700210100763230208.000000
2X3 4000 192 282.731696 0.065176 590700993989364154368.000000
2X3 4000 192 282.646928 0.065196 590701761195751374848.000000
2X3 4000 192 280.165911 0.065773 590702528983226384384.000000
2X3 4000 384 293.061820 0.125758 590704888478686117888.000000
2X3 4000 384 293.535559 0.125555 590706039188414136320.000000
2X3 4000 384 293.642204 0.125509 590707193376593412096.000000
2X3 4000 384 294.362958 0.125202 590708346048567574528.000000
2X3 4000 384 294.017582 0.125349 590709497444606148608.000000
2X3 4000 768 291.687841 0.252700 590712551319787798528.000000
2X3 4000 768 294.286283 0.250469 590714528708917723136.000000
2X3 4000 768 294.286298 0.250469 590716488114951028736.000000
2X3 4000 768 294.367373 0.250400 590718448033764605952.000000
2X3 4000 768 294.863236 0.249979 590720401836790513664.000000
2X3 5000 96 258.464735 0.055702 590724363667536347136.000000
2X3 5000 96 252.862116 0.056937 590725063757876297728.000000
2X3 5000 96 255.442257 0.056362 590725766289847091200.000000
2X3 5000 96 260.568973 0.055253 590726478997016543232.000000
2X3 5000 96 260.530609 0.055261 590727178453046919168.000000
2X3 5000 192 274.482670 0.104904 590730029535003934720.000000
2X3 5000 192 273.183332 0.105403 590731039606703390720.000000
2X3 5000 192 275.365513 0.104567 590732048446204936192.000000
2X3 5000 192 276.084173 0.104295 590733058163620052992.000000
2X3 5000 192 274.709991 0.104817 590734065772715442176.000000
2X3 5000 384 281.617629 0.204492 590737426323465437184.000000
2X3 5000 384 283.012295 0.203484 590739073472093880320.000000
2X3 5000 384 283.627029 0.203043 590740717721368264704.000000
2X3 5000 384 284.661511 0.202305 590742360854054043648.000000
2X3 5000 384 283.047936 0.203458 590743994283732238336.000000
2X3 5000 768 281.213028 0.409572 590748408992791658496.000000
2X3 5000 768 282.831638 0.407228 590751379377033314304.000000
2X3 5000 768 284.753314 0.404480 590754329973174042624.000000
2X3 5000 768 280.185281 0.411074 590757261574774587392.000000
2X3 5000 768 284.013524 0.405533 590760233707302289408.000000
3X3 1000 96 139.743116 0.004118 590766402553360941056.000000
3X3 1000 96 173.408962 0.003318 590766783250420203520.000000
3X3 1000 96 170.398053 0.003377 590767161500327739392.000000
3X3 1000 96 152.265026 0.003779 590767538428199960576.000000
3X3 1000 96 156.578172 0.003675 590767918964424310784.000000
3X3 1000 192 197.254290 0.005834 590768428704917225472.000000
3X3 1000 192 200.527853 0.005739 590768826161383604224.000000
3X3 1000 192 209.372770 0.005497 590769217144948523008.000000
3X3 1000 192 218.642048 0.005264 590769610948806836224.000000
3X3 1000 192 205.828377 0.005591 590770009682163269632.000000
3X3 1000 384 231.526251 0.009941 590770597820238397440.000000
3X3 1000 384 237.881185 0.009676 590771022249977053184.000000
3X3 1000 384 227.529102 0.010116 590771443178052780032.000000
3X3 1000 384 231.426175 0.009946 590771866696975515648.000000
3X3 1000 384 229.540430 0.010027 590772288862573821952.000000
3X3 1000 768 239.673668 0.019207 590772965931698356224.000000
3X3 1000 768 250.947952 0.018344 590773451157286944768.000000
3X3 1000 768 244.383286 0.018837 590773927203509370880.000000
3X3 1000 768 246.146857 0.018702 590774403666275991552.000000
3X3 1000 768 244.961672 0.018792 590774879808748126208.000000
3X3 2000 96 224.810968 0.010243 590775681326077837312.000000
3X3 2000 96 248.544333 0.009265 590776101612328714240.000000
3X3 2000 96 229.659231 0.010027 590776518519271063552.000000
3X3 2000 96 239.131643 0.009630 590776938305169915904.000000
3X3 2000 96 234.566937 0.009817 590777355747612819456.000000
3X3 2000 192 251.718353 0.018297 590778166118926778368.000000
3X3 2000 192 260.641537 0.017671 590778643624284651520.000000
3X3 2000 192 256.985619 0.017922 590779112879877390336.000000
3X3 2000 192 259.387157 0.017756 590779586448109862912.000000
3X3 2000 192 260.130921 0.017705 590780056123650998272.000000
3X3 2000 384 267.816458 0.034394 590780997470823251968.000000
3X3 2000 384 270.795049 0.034016 590781582564041687040.000000
3X3 2000 384 267.663476 0.034414 590782156486920896512.000000
3X3 2000 384 270.884964 0.034005 590782733705635561472.000000
3X3 2000 384 271.057962 0.033983 590783309123815079936.000000
3X3 2000 768 281.583210 0.065426 590784516788317585408.000000
3X3 2000 768 281.394290 0.065470 590785294521289932800.000000
3X3 2000 768 282.671743 0.065174 590786069781782462464.000000
3X3 2000 768 280.920871 0.065580 590786844877794574336.000000
3X3 2000 768 282.609396 0.065188 590787620678447398912.000000
3X3 3000 96 249.508664 0.020770 590789096485151047680.000000
3X3 3000 96 257.278586 0.020143 590789587728396845056.000000
3X3 3000 96 260.594769 0.019886 590790071778254127104.000000
3X3 3000 96 256.079822 0.020237 590790556657749852160.000000
3X3 3000 96 256.297062 0.020220 590791039143376846848.000000
3X3 3000 192 272.767624 0.037998 590792313796765941760.000000
3X3 3000 192 273.117120 0.037949 590792914190124974080.000000
3X3 3000 192 273.031691 0.037961 590793512218850099200.000000
3X3 3000 192 272.815169 0.037991 590794110010961035264.000000
3X3 3000 192 272.808484 0.037992 590794708071494320128.000000
3X3 3000 384 284.041672 0.072979 590796229602214936576.000000
3X3 3000 384 286.939493 0.072242 590797056079357673472.000000
3X3 3000 384 287.213992 0.072173 590797871388353888256.000000
3X3 3000 384 287.138175 0.072192 590798689421260226560.000000
3X3 3000 384 286.796305 0.072278 590799506102429941760.000000
3X3 3000 768 291.712456 0.142120 590801486885862637568.000000
3X3 3000 768 294.034870 0.140997 590802757993121185792.000000
3X3 3000 768 294.512114 0.140769 590804017059560292352.000000
3X3 3000 768 290.575979 0.142676 590805271850882695168.000000
3X3 3000 768 283.404203 0.146286 590806539212406915072.000000
3X3 4000 96 262.186900 0.035142 590809139331003187200.000000
3X3 4000 96 264.871339 0.034786 590809712053528166400.000000
3X3 4000 96 263.334116 0.034989 590810282830798913536.000000
3X3 4000 96 264.999262 0.034769 590810856114079006720.000000
3X3 4000 96 263.482761 0.034969 590811426587080785920.000000
3X3 4000 192 279.906866 0.065834 590813418823525335040.000000
3X3 4000 192 282.199133 0.065299 590814184323000565760.000000
3X3 4000 192 281.608765 0.065436 590814945429375156224.000000
3X3 4000 192 282.696958 0.065184 590815712525145079808.000000
3X3 4000 192 281.925744 0.065363 590816474508338790400.000000
3X3 4000 384 294.269026 0.125242 590818824244432601088.000000
3X3 4000 384 293.977004 0.125366 590819968214787948544.000000
3X3 4000 384 293.333483 0.125641 590821112916932558848.000000
3X3 4000 384 295.683285 0.124643 590822263974743769088.000000
3X3 4000 384 294.477939 0.125153 590823408942232109056.000000
3X3 4000 768 294.674441 0.250139 590826451294975950848.000000
3X3 4000 768 296.394958 0.248687 590828392411192492032.000000
3X3 4000 768 294.942076 0.249912 590830324293086478336.000000
3X3 4000 768 296.015246 0.249006 590832276790967009280.000000
3X3 4000 768 297.059051 0.248131 590834221829717098496.000000
3X3 5000 96 258.425574 0.055711 590838174298959642624.000000
3X3 5000 96 259.510591 0.055478 590838877833906618368.000000
3X3 5000 96 255.296684 0.056394 590839574566876610560.000000
3X3 5000 96 259.728241 0.055431 590840291546994442240.000000
3X3 5000 96 260.988258 0.055164 590840998260866154496.000000
3X3 5000 192 274.991428 0.104710 590843862523167899648.000000
3X3 5000 192 276.656670 0.104079 590844878650700988416.000000
3X3 5000 192 275.173557 0.104640 590845887273396207616.000000
3X3 5000 192 276.665833 0.104076 590846905839867133952.000000
3X3 5000 192 274.927214 0.104734 590847926132228882432.000000
3X3 5000 384 283.497823 0.203136 590851329156778557440.000000
3X3 5000 384 285.584533 0.201651 590852964155102855168.000000
3X3 5000 384 283.747753 0.202957 590854592594477580288.000000
3X3 5000 384 285.422795 0.201766 590856236410568441856.000000
3X3 5000 384 284.245987 0.202601 590857869914217906176.000000
3X3 5000 768 288.707993 0.398939 590862295865791741952.000000
3X3 5000 768 286.456517 0.402075 590865195396437901312.000000
3X3 5000 768 286.444869 0.402091 590868108605405003776.000000
3X3 5000 768 281.097262 0.409741 590871030468222255104.000000
3X3 5000 768 286.420500 0.402125 590873999026320179200.000000
4X3 1000 96 144.805235 0.003974 590880344504658952192.000000
4X3 1000 96 160.675872 0.003581 590880727210290839552.000000
4X3 1000 96 164.059520 0.003507 590881109324639895552.000000
4X3 1000 96 153.177584 0.003757 590881487768748818432.000000
4X3 1000 96 167.230569 0.003441 590881869647251505152.000000
4X3 1000 192 202.390315 0.005686 590882376058643808256.000000
4X3 1000 192 197.331946 0.005832 590882770931404898304.000000
4X3 1000 192 200.053957 0.005753 590883159778278113280.000000
4X3 1000 192 195.481521 0.005887 590883552374200991744.000000
4X3 1000 192 194.733185 0.005910 590883942882002337792.000000
4X3 1000 384 218.848751 0.010517 590884506139913224192.000000
4X3 1000 384 227.638060 0.010111 590884931326778408960.000000
4X3 1000 384 226.123793 0.010179 590885355291768389632.000000
4X3 1000 384 225.980997 0.010185 590885778758518439936.000000
4X3 1000 384 223.957054 0.010277 590886199629934100480.000000
4X3 1000 768 238.082166 0.019335 590886877076248985600.000000
4X3 1000 768 247.406763 0.018607 590887362838304784384.000000
4X3 1000 768 240.823978 0.019115 590887839657231384576.000000
4X3 1000 768 242.885750 0.018953 590888321444836016128.000000
4X3 1000 768 241.107692 0.019093 590888800130719154176.000000
4X3 2000 96 216.846620 0.010620 590889609991222853632.000000
4X3 2000 96 228.510779 0.010078 590890036537243205632.000000
4X3 2000 96 232.080523 0.009923 590890458479129264128.000000
4X3 2000 96 235.811683 0.009766 590890881575242694656.000000
4X3 2000 96 239.735035 0.009606 590891305270907895808.000000
4X3 2000 192 254.767371 0.018078 590892109132838862848.000000
4X3 2000 192 259.183501 0.017770 590892585415234027520.000000
4X3 2000 192 254.657003 0.018086 590893055798775250944.000000
4X3 2000 192 260.208872 0.017700 590893528987781824512.000000
4X3 2000 192 261.744157 0.017596 590894000441095356416.000000
4X3 2000 384 262.095680 0.035145 590894939140127719424.000000
4X3 2000 384 267.992801 0.034372 590895524263343161344.000000
4X3 2000 384 267.238732 0.034469 590896102728337850368.000000
4X3 2000 384 271.053719 0.033984 590896682193410195456.000000
4X3 2000 384 270.616654 0.034039 590897253895230980096.000000
4X3 2000 768 277.940029 0.066283 590898467139394338816.000000
4X3 2000 768 280.823114 0.065603 590899254102951854080.000000
4X3 2000 768 278.752113 0.066090 590900028376327651328.000000
4X3 2000 768 280.367046 0.065710 590900810497203634176.000000
4X3 2000 768 279.344411 0.065950 590901588060371288064.000000
4X3 3000 96 252.027445 0.020562 590903082321794039808.000000
4X3 3000 96 255.150890 0.020311 590903568118710534144.000000
4X3 3000 96 258.099540 0.020079 590904052657969561600.000000
4X3 3000 96 254.974045 0.020325 590904538007551606784.000000
4X3 3000 96 255.305174 0.020298 590905022471213809664.000000
4X3 3000 192 269.216529 0.038499 590906304892404236288.000000
4X3 3000 192 272.255331 0.038069 590906910321237819392.000000
4X3 3000 192 275.181189 0.037664 590907508161169457152.000000
4X3 3000 192 272.232984 0.038072 590908108438694658048.000000
4X3 3000 192 274.052308 0.037820 590908707629640712192.000000
4X3 3000 384 284.089288 0.072967 590910225132380880896.000000
4X3 3000 384 286.481892 0.072357 590911054850963537920.000000
4X3 3000 384 286.668257 0.072310 590911877301322252288.000000
4X3 3000 384 285.826194 0.072523 590912700331175837696.000000
4X3 3000 384 285.165481 0.072691 590913521224619393024.000000
4X3 3000 768 291.522960 0.142212 590915522667930714112.000000
4X3 3000 768 291.674201 0.142139 590916782631598555136.000000
4X3 3000 768 292.934857 0.141527 590918041665475706880.000000
4X3 3000 768 292.213870 0.141876 590919307368393867264.000000
4X3 3000 768 285.702267 0.145110 590920562459953463296.000000
4X3 4000 96 264.325902 0.034857 590923188284084846592.000000
4X3 4000 96 261.912754 0.035178 590923758667691458560.000000
4X3 4000 96 263.210803 0.035005 590924331433608478720.000000
4X3 4000 96 261.813658 0.035192 590924908720171515904.000000
4X3 4000 96 261.520672 0.035231 590925482095521824768.000000
4X3 4000 192 279.614243 0.065903 590927473775985688576.000000
4X3 4000 192 281.241166 0.065522 590928242980267229184.000000
4X3 4000 192 280.437190 0.065710 590929012055921524736.000000
4X3 4000 192 281.914659 0.065365 590929788855260282880.000000
4X3 4000 192 280.310083 0.065739 590930556881079369728.000000
4X3 4000 384 292.695967 0.125915 590932899849499967488.000000
4X3 4000 384 294.272372 0.125240 590934052770920660992.000000
4X3 4000 384 292.502019 0.125998 590935196613647663104.000000
4X3 4000 384 293.005851 0.125782 590936351387650621440.000000
4X3 4000 384 293.145302 0.125722 590937499548975497216.000000
4X3 4000 768 296.660786 0.248464 590940555129552371712.000000
4X3 4000 768 296.918283 0.248249 590942482780739338240.000000
4X3 4000 768 295.892174 0.249110 590944410424937283584.000000
4X3 4000 768 295.661242 0.249304 590946345560367038464.000000
4X3 4000 768 295.562046 0.249388 590948275942491160576.000000
4X3 5000 96 252.455392 0.057028 590952232319867551744.000000
4X3 5000 96 258.707872 0.055650 590952940308862599168.000000
4X3 5000 96 256.117501 0.056213 590953633154549809152.000000
4X3 5000 96 261.178688 0.055124 590954353197675184128.000000
4X3 5000 96 259.448243 0.055491 590955066419470139392.000000
4X3 5000 192 275.289413 0.104596 590957946558580129792.000000
4X3 5000 192 275.772071 0.104413 590958963677924687872.000000
4X3 5000 192 275.458052 0.104532 590959975583634161664.000000
4X3 5000 192 277.156791 0.103892 590960990374386597888.000000
4X3 5000 192 276.289803 0.104218 590962004786681610240.000000
4X3 5000 384 284.202526 0.202632 590965376822359359488.000000
4X3 5000 384 284.925556 0.202118 590967020637726572544.000000
4X3 5000 384 284.342912 0.202532 590968652752973201408.000000
4X3 5000 384 284.183459 0.202645 590970294062068793344.000000
4X3 5000 384 284.830055 0.202185 590971938840309661696.000000
4X3 5000 768 289.752245 0.397502 590976350250514513920.000000
4X3 5000 768 289.271146 0.398163 590979238649320570880.000000
4X3 5000 768 288.700502 0.398950 590982125602942746624.000000
4X3 5000 768 285.387373 0.403581 590985024910036041728.000000
4X3 5000 768 288.586457 0.399107 590987949535195561984.000000
6X3 1000 96 160.236541 0.003591 590994957877232271360.000000
6X3 1000 96 161.240192 0.003569 590995339046819069952.000000
6X3 1000 96 163.611332 0.003517 590995721534339678208.000000
6X3 1000 96 171.234872 0.003360 590996098424963989504.000000
6X3 1000 96 169.447434 0.003396 590996476281988186112.000000
6X3 1000 192 201.797621 0.005703 590996980326136152064.000000
6X3 1000 192 201.192490 0.005720 590997380570692059136.000000
6X3 1000 192 191.823282 0.006000 590997772287389204480.000000
6X3 1000 192 208.872955 0.005510 590998169074972229632.000000
6X3 1000 192 199.683968 0.005763 590998561923253665792.000000
6X3 1000 384 225.797816 0.010194 590999124675161489408.000000
6X3 1000 384 234.336096 0.009822 590999552100605886464.000000
6X3 1000 384 228.017254 0.010094 590999965899535417344.000000
6X3 1000 384 229.069950 0.010048 591000388521351446528.000000
6X3 1000 384 226.812816 0.010148 591000804361080668160.000000
6X3 1000 768 244.004548 0.018866 591001483129974816768.000000
6X3 1000 768 241.935670 0.019027 591001960001938128896.000000
6X3 1000 768 240.515168 0.019140 591002440550816284672.000000
6X3 1000 768 240.824532 0.019115 591002916540258320384.000000
6X3 1000 768 241.529315 0.019059 591003393962020044800.000000
6X3 2000 96 219.409379 0.010496 591004200623400419328.000000
6X3 2000 96 237.855552 0.009682 591004624692416217088.000000
6X3 2000 96 234.789662 0.009808 591005041651992100864.000000
6X3 2000 96 240.941926 0.009558 591005461995561418752.000000
6X3 2000 96 241.965135 0.009517 591005878932366295040.000000
6X3 2000 192 253.784426 0.018148 591006678911110217728.000000
6X3 2000 192 253.600710 0.018161 591007158260039680000.000000
6X3 2000 192 259.109049 0.017775 591007632629897494528.000000
6X3 2000 192 261.999171 0.017579 591008103402354114560.000000
6X3 2000 192 253.859962 0.018143 591008571549665198080.000000
6X3 2000 384 265.933337 0.034638 591009516029400317952.000000
6X3 2000 384 268.213814 0.034343 591010097271144185856.000000
6X3 2000 384 268.777203 0.034271 591010672136497790976.000000
6X3 2000 384 270.901311 0.034003 591011248344648122368.000000
6X3 2000 384 270.469351 0.034057 591011818791762132992.000000
6X3 2000 768 279.678481 0.065871 591013023938300215296.000000
6X3 2000 768 279.523679 0.065908 591013809247982452736.000000
6X3 2000 768 279.655509 0.065877 591014584734516510720.000000
6X3 2000 768 279.856329 0.065829 591015360656890265600.000000
6X3 2000 768 280.634815 0.065647 591016135214778286080.000000
6X3 3000 96 249.984286 0.020730 591017625738793451520.000000
6X3 3000 96 259.839787 0.019944 591018110566551519232.000000
6X3 3000 96 260.281888 0.019910 591018588305580359680.000000
6X3 3000 96 256.058527 0.020239 591019064426702176256.000000
6X3 3000 96 255.567499 0.020278 591019540704482951168.000000
6X3 3000 192 268.637171 0.038582 591020812856233951232.000000
6X3 3000 192 273.689257 0.037870 591021419835429093376.000000
6X3 3000 192 271.022611 0.038242 591022020583226343424.000000
6X3 3000 192 272.507278 0.038034 591022624258453798912.000000
6X3 3000 192 273.253527 0.037930 591023224775594737664.000000
6X3 3000 384 284.506120 0.072860 591024744478622875648.000000
6X3 3000 384 286.642629 0.072317 591025571447644225536.000000
6X3 3000 384 285.895189 0.072506 591026387991769382912.000000
6X3 3000 384 284.298171 0.072913 591027209164720570368.000000
6X3 3000 384 284.126810 0.072957 591028029536194134016.000000
6X3 3000 768 293.827639 0.141097 591030012994103279616.000000
6X3 3000 768 293.309752 0.141346 591031279133272178688.000000
6X3 3000 768 293.475051 0.141266 591032538517535588352.000000
6X3 3000 768 292.960645 0.141514 591033800366131642368.000000
6X3 3000 768 285.679373 0.145121 591035059533915881472.000000
6X3 4000 96 258.212393 0.035683 591037655189273444352.000000
6X3 4000 96 262.589216 0.035088 591038237654325919744.000000
6X3 4000 96 262.654692 0.035079 591038814003909623808.000000
6X3 4000 96 263.095952 0.035020 591039394961218338816.000000
6X3 4000 96 261.597805 0.035221 591039970997624504320.000000
6X3 4000 192 279.206767 0.065999 591041967715662561280.000000
6X3 4000 192 281.547083 0.065450 591042740659137544192.000000
6X3 4000 192 284.870586 0.064687 591043506950228672512.000000
6X3 4000 192 282.308430 0.065274 591044272827342389248.000000
6X3 4000 192 282.235214 0.065291 591045038555880226816.000000
6X3 4000 384 291.892236 0.126262 591047390325337227264.000000
6X3 4000 384 293.895854 0.125401 591048547390149361664.000000
6X3 4000 384 294.602802 0.125100 591049697544421769216.000000
6X3 4000 384 294.238167 0.125255 591050856583774601216.000000
6X3 4000 384 293.237027 0.125683 591052010459326185472.000000
6X3 4000 768 298.653332 0.246806 591055076103493648384.000000
6X3 4000 768 299.342025 0.246239 591057007636779368448.000000
6X3 4000 768 299.982454 0.245713 591058934329175965696.000000
6X3 4000 768 299.724481 0.245924 591060863569591402496.000000
6X3 4000 768 299.309804 0.246265 591062792552342880256.000000
6X3 5000 96 257.724783 0.055862 591066762050761916416.000000
6X3 5000 96 257.994414 0.055804 591067463385933283328.000000
6X3 5000 96 257.157748 0.055986 591068159194999947264.000000
6X3 5000 96 259.950987 0.055384 591068870456685494272.000000
6X3 5000 96 259.238516 0.055536 591069574085162303488.000000
6X3 5000 192 276.070687 0.104300 591072406281276882944.000000
6X3 5000 192 275.677930 0.104449 591073410593821687808.000000
6X3 5000 192 277.075328 0.103922 591074415294885134336.000000
6X3 5000 192 276.764792 0.104039 591075422753765851136.000000
6X3 5000 192 276.705312 0.104061 591076428923757002752.000000
6X3 5000 384 285.999323 0.201359 591079776482674475008.000000
6X3 5000 384 285.574199 0.201659 591081404968602697728.000000
6X3 5000 384 285.817884 0.201487 591083033074838274048.000000
6X3 5000 384 285.591028 0.201647 591084663919473590272.000000
6X3 5000 384 286.168634 0.201240 591086293624569331712.000000
6X3 5000 768 290.568181 0.396385 591090712560431661056.000000
6X3 5000 768 290.154166 0.396951 591093589753868845056.000000
6X3 5000 768 292.023217 0.394410 591096465157961678848.000000
6X3 5000 768 290.976629 0.395829 591099332867290431488.000000
6X3 5000 768 291.801359 0.394710 591102210920945025024.000000
