2X3 1000 96 146.359181 0.003932 4376832329432208244736.000000
2X3 1000 96 154.228937 0.003731 4376832782393044631552.000000
2X3 1000 96 152.653052 0.003769 4376833214808168857600.000000
2X3 1000 96 148.805263 0.003867 4376833651092210843648.000000
2X3 1000 96 153.071477 0.003759 4376834073763291070464.000000
2X3 1000 192 135.941037 0.008466 4376834698166433480704.000000
2X3 1000 192 141.173804 0.008152 4376835162477648412672.000000
2X3 1000 192 139.877924 0.008228 4376835643509124890624.000000
2X3 1000 192 139.073421 0.008275 4376836130366477565952.000000
2X3 1000 192 140.834036 0.008172 4376836613795464347648.000000
2X3 1000 384 165.548634 0.013903 4376837367109332762624.000000
2X3 1000 384 168.368446 0.013671 4376837885257313157120.000000
2X3 1000 384 167.821852 0.013715 4376838378584916623360.000000
2X3 1000 384 167.830724 0.013714 4376838862161161224192.000000
2X3 1000 384 167.627228 0.013731 4376839358743376822272.000000
2X3 2000 96 165.615327 0.013905 4376840404022167339008.000000
2X3 2000 96 170.354673 0.013518 4376840899913386557440.000000
2X3 2000 96 171.150809 0.013455 4376841388032106954752.000000
2X3 2000 96 141.877812 0.016231 4376841878625562656768.000000
2X3 2000 96 148.467802 0.015511 4376842384141128302592.000000
2X3 2000 192 178.256566 0.025837 4376843530750895063040.000000
2X3 2000 192 177.852559 0.025896 4376844128801225965568.000000
2X3 2000 192 179.140953 0.025710 4376844688276276117504.000000
2X3 2000 192 179.590301 0.025646 4376845244354372567040.000000
2X3 2000 192 179.547384 0.025652 4376845802551374249984.000000
2X3 2000 384 183.236771 0.050270 4376847140441874759680.000000
2X3 2000 384 183.338582 0.050243 4376847859474870829056.000000
2X3 2000 384 184.197506 0.050008 4376848571485854892032.000000
2X3 2000 384 183.701143 0.050143 4376849283598702346240.000000
2X3 2000 384 183.597271 0.050172 4376849994592610156544.000000
2X3 3000 96 173.582010 0.029855 4376851871207091339264.000000
2X3 3000 96 175.066957 0.029602 4376852451911727054848.000000
2X3 3000 96 174.307038 0.029731 4376853029768114733056.000000
2X3 3000 96 174.828406 0.029642 4376853607578236092416.000000
2X3 3000 96 174.604063 0.029680 4376854183991232692224.000000
2X3 3000 192 183.402548 0.056513 4376856055674401456128.000000
2X3 3000 192 184.186827 0.056272 4376856805598168088576.000000
2X3 3000 192 184.130503 0.056289 4376857553289808445440.000000
2X3 3000 192 184.175129 0.056275 4376858300121232703488.000000
2X3 3000 192 184.245271 0.056254 4376859049205939306496.000000
2X3 3000 384 186.558699 0.111113 4376861318009121669120.000000
2X3 3000 384 185.684616 0.111636 4376862418318563213312.000000
2X3 3000 384 185.724193 0.111612 4376863517322975379456.000000
2X3 3000 384 185.789232 0.111573 4376864635443834519552.000000
2X3 3000 384 185.799470 0.111567 4376865740031599312896.000000
2X3 4000 96 174.880514 0.052686 4376869629588257898496.000000
2X3 4000 96 174.612323 0.052767 4376870354012566192128.000000
2X3 4000 96 175.617994 0.052464 4376871077959449968640.000000
2X3 4000 96 175.093442 0.052622 4376871798567663042560.000000
2X3 4000 96 174.402118 0.052830 4376872520846884732928.000000
2X3 4000 192 183.944323 0.100179 4376876199312070541312.000000
2X3 4000 192 178.934333 0.102984 4376877239674046251008.000000
2X3 4000 192 178.470085 0.103252 4376878283323141521408.000000
2X3 4000 192 178.782274 0.103072 4376879326582212132864.000000
2X3 4000 192 178.871962 0.103020 4376880368247975706624.000000
2X3 4000 384 185.850246 0.198304 4376884696868646813696.000000
2X3 4000 384 183.399240 0.200954 4376886351237052628992.000000
2X3 4000 384 183.379840 0.200975 4376888020650171564032.000000
2X3 4000 384 183.146377 0.201231 4376889697468899917824.000000
2X3 4000 384 183.460023 0.200887 4376891376035390554112.000000
2X3 5000 96 168.179556 0.085606 4376896457835631607808.000000
2X3 5000 96 167.351146 0.086029 4376897391308814942208.000000
2X3 5000 96 166.901465 0.086261 4376898326218791190528.000000
2X3 5000 96 167.040652 0.086189 4376899260536767119360.000000
2X3 5000 96 166.943224 0.086240 4376900194184746500096.000000
2X3 5000 192 177.575675 0.162152 4376904740628626145280.000000
2X3 5000 192 176.578943 0.163067 4376906162098476679168.000000
2X3 5000 192 176.467630 0.163170 4376907588031415320576.000000
2X3 5000 192 176.684777 0.162970 4376909013806102347776.000000
2X3 5000 192 176.524150 0.163118 4376910441982063017984.000000
2X3 5000 384 175.603097 0.327947 4376915890802870190080.000000
2X3 5000 384 175.979674 0.327245 4376918372732272377856.000000
2X3 5000 384 175.957191 0.327287 4376920846666451386368.000000
2X3 5000 384 175.968325 0.327266 4376923321294820737024.000000
2X3 5000 384 175.944024 0.327311 4376925797286235078656.000000
2X3 6000 96 163.426707 0.126861 4376934360341943418880.000000
2X3 6000 96 153.573658 0.135001 4376935555180807061504.000000
2X3 6000 96 153.480157 0.135083 4376936799659043061760.000000
2X3 6000 96 152.695278 0.135777 4376938041765636079616.000000
2X3 6000 96 157.210795 0.131877 4376939290351525953536.000000
2X3 6000 192 170.369896 0.243383 4376946846856537702400.000000
2X3 6000 192 169.526102 0.244594 4376948786779232141312.000000
2X3 6000 192 169.528223 0.244591 4376950730262577676288.000000
2X3 6000 192 169.680158 0.244372 4376952674369205174272.000000
2X3 6000 192 169.548171 0.244562 4376954616454082723840.000000
2X3 6000 384 177.281420 0.467788 4376963371602743918592.000000
2X3 6000 384 177.441731 0.467366 4376966748600976539648.000000
2X3 6000 384 177.472551 0.467285 4376970117592751013888.000000
2X3 6000 384 177.434249 0.467385 4376973488877954138112.000000
2X3 6000 384 177.436041 0.467381 4376976857921763672064.000000
2X4 1000 96 160.522219 0.003585 4376985690015486443520.000000
2X4 1000 96 173.581272 0.003315 4376986107422435704832.000000
2X4 1000 96 171.827344 0.003349 4376986518834030575616.000000
2X4 1000 96 171.039119 0.003364 4376986926200620843008.000000
2X4 1000 96 170.784487 0.003369 4376987336623280095232.000000
2X4 1000 192 177.725176 0.006475 4376987937301726232576.000000
2X4 1000 192 183.536470 0.006270 4376988369680176513024.000000
2X4 1000 192 182.388023 0.006310 4376988811277671333888.000000
2X4 1000 192 182.932220 0.006291 4376989247784932081664.000000
2X4 1000 192 182.759690 0.006297 4376989699692813090816.000000
2X4 1000 384 170.603151 0.013492 4376990406632374009856.000000
2X4 1000 384 174.594946 0.013183 4376990913222045859840.000000
2X4 1000 384 182.346511 0.012623 4376991421719755358208.000000
2X4 1000 384 188.650602 0.012201 4376991920042199744512.000000
2X4 1000 384 188.341866 0.012221 4376992397108135329792.000000
2X4 2000 96 161.860494 0.014227 4376993408641449066496.000000
2X4 2000 96 164.761883 0.013977 4376993923863054123008.000000
2X4 2000 96 165.687740 0.013899 4376994429277570596864.000000
2X4 2000 96 165.089514 0.013949 4376994932287092555776.000000
2X4 2000 96 176.771396 0.013027 4376995435917264551936.000000
2X4 2000 192 183.808998 0.025057 4376996551589667799040.000000
2X4 2000 192 185.419897 0.024839 4376997107264918650880.000000
2X4 2000 192 185.352164 0.024848 4376997657400864407552.000000
2X4 2000 192 185.207841 0.024868 4376998204188170125312.000000
2X4 2000 192 184.899610 0.024909 4376998752784194469888.000000
2X4 2000 384 189.281944 0.048665 4377000079096416305152.000000
2X4 2000 384 189.837778 0.048522 4377000786012700934144.000000
2X4 2000 384 189.866918 0.048515 4377001483760621846528.000000
2X4 2000 384 189.864476 0.048516 4377002183089686839296.000000
2X4 2000 384 189.849915 0.048519 4377002883171515105280.000000
2X4 3000 96 174.862827 0.029636 4377004754575414525952.000000
2X4 3000 96 174.765067 0.029653 4377005333979501428736.000000
2X4 3000 96 174.545549 0.029690 4377005910863728607232.000000
2X4 3000 96 174.238897 0.029742 4377006491485702455296.000000
2X4 3000 96 175.105608 0.029595 4377007070890473553920.000000
2X4 3000 192 183.878880 0.056366 4377008946080921944064.000000
2X4 3000 192 183.881829 0.056365 4377009693688299257856.000000
2X4 3000 192 183.639331 0.056440 4377010443483527249920.000000
2X4 3000 192 184.403969 0.056206 4377011190590010294272.000000
2X4 3000 192 183.702381 0.056420 4377011936582363512832.000000
2X4 3000 384 189.250207 0.109533 4377014214381765394432.000000
2X4 3000 384 189.288851 0.109510 4377015305650131959808.000000
2X4 3000 384 188.793416 0.109798 4377016393698851684352.000000
2X4 3000 384 189.185129 0.109570 4377017486019648815104.000000
2X4 3000 384 189.167896 0.109580 4377018576134590693376.000000
2X4 4000 96 173.651531 0.053059 4377022452291061415936.000000
2X4 4000 96 172.913552 0.053285 4377023178942360059904.000000
2X4 4000 96 173.364269 0.053146 4377023904302462664704.000000
2X4 4000 96 173.672100 0.053052 4377024628090197245952.000000
2X4 4000 96 173.701895 0.053043 4377025353047285956608.000000
2X4 4000 192 183.044318 0.100672 4377029045663043682304.000000
2X4 4000 192 182.639825 0.100895 4377030076701002956800.000000
2X4 4000 192 182.981867 0.100706 4377031109737691742208.000000
2X4 4000 192 182.750669 0.100834 4377032139259056750592.000000
2X4 4000 192 183.269429 0.100548 4377033170105379323904.000000
2X4 4000 384 186.388337 0.197731 4377037461805767589888.000000
2X4 4000 384 186.150019 0.197984 4377039112669915250688.000000
2X4 4000 384 186.048108 0.198093 4377040762639451422720.000000
2X4 4000 384 186.214517 0.197916 4377042415475170476032.000000
2X4 4000 384 186.070669 0.198069 4377044067161589415936.000000
2X4 5000 96 172.142268 0.083635 4377049113185470119936.000000
2X4 5000 96 162.039063 0.088850 4377050031184044621824.000000
2X4 5000 96 161.264697 0.089276 4377050978042480951296.000000
2X4 5000 96 164.416658 0.087565 4377051928917708374016.000000
2X4 5000 96 158.839800 0.090639 4377052868749149863936.000000
2X4 5000 192 179.654927 0.160275 4377057455726059323392.000000
2X4 5000 192 175.248879 0.164305 4377058859157522219008.000000
2X4 5000 192 175.311041 0.164247 4377060290588127526912.000000
2X4 5000 192 175.754725 0.163832 4377061728464426500096.000000
2X4 5000 192 175.457330 0.164110 4377063162773440561152.000000
2X4 5000 384 183.578528 0.313699 4377068623970454994944.000000
2X4 5000 384 183.506763 0.313822 4377071015242573545472.000000
2X4 5000 384 183.695408 0.313500 4377073404220865511424.000000
2X4 5000 384 183.509124 0.313818 4377075790992727605248.000000
2X4 5000 384 183.620171 0.313628 4377078179697202823168.000000
2X4 6000 96 160.645920 0.129057 4377086643443699023872.000000
2X4 6000 96 159.363211 0.130096 4377087850939397701632.000000
2X4 6000 96 159.713645 0.129811 4377089062282258808832.000000
2X4 6000 96 159.758906 0.129774 4377090271051478204416.000000
2X4 6000 96 159.378294 0.130084 4377091478083142680576.000000
2X4 6000 192 177.296686 0.233874 4377099015519264047104.000000
2X4 6000 192 175.075915 0.236841 4377100891530463281152.000000
2X4 6000 192 175.220989 0.236645 4377102785886008377344.000000
2X4 6000 192 175.208257 0.236662 4377104679424814481408.000000
2X4 6000 192 175.373400 0.236439 4377106572974631157760.000000
2X4 6000 384 184.263424 0.450063 4377115279409569333248.000000
2X4 6000 384 184.206010 0.450203 4377118538619677573120.000000
2X4 6000 384 184.330610 0.449899 4377121803264435683328.000000
2X4 6000 384 184.363455 0.449819 4377125064616388329472.000000
2X4 6000 384 184.271386 0.450044 4377128324252968157184.000000
3X2 1000 96 164.140902 0.003506 4377137158208691372032.000000
3X2 1000 96 175.699249 0.003275 4377137570640321052672.000000
3X2 1000 96 171.069323 0.003364 4377137985562801602560.000000
3X2 1000 96 172.269689 0.003340 4377138397708189433856.000000
3X2 1000 96 172.562817 0.003335 4377138811726351302656.000000
3X2 1000 192 173.983453 0.006615 4377139414736701489152.000000
3X2 1000 192 184.028943 0.006254 4377139854958253834240.000000
3X2 1000 192 182.286421 0.006313 4377140299464591802368.000000
3X2 1000 192 182.750896 0.006297 4377140751005120462848.000000
3X2 1000 192 182.658658 0.006301 4377141210309698519040.000000
3X2 1000 384 176.101897 0.013070 4377141921843429507072.000000
3X2 1000 384 188.463140 0.012213 4377142425455245131776.000000
3X2 1000 384 179.398078 0.012830 4377142914663420264448.000000
3X2 1000 384 187.595802 0.012269 4377143401261153386496.000000
3X2 1000 384 188.002946 0.012243 4377143879454679367680.000000
3X2 2000 96 149.457081 0.015408 4377144891517968580608.000000
3X2 2000 96 151.304769 0.015220 4377145427367260848128.000000
3X2 2000 96 150.964334 0.015254 4377145948213282865152.000000
3X2 2000 96 150.885382 0.015262 4377146471847830224896.000000
3X2 2000 96 170.505503 0.013506 4377146991719197179904.000000
3X2 2000 192 180.056444 0.025579 4377148115222953721856.000000
3X2 2000 192 182.081277 0.025295 4377148679764708950016.000000
3X2 2000 192 181.754180 0.025340 4377149233681953456128.000000
3X2 2000 192 181.815009 0.025332 4377149788186370637824.000000
3X2 2000 192 180.630136 0.025498 4377150344621896237056.000000
3X2 2000 384 187.213270 0.049203 4377151677766173720576.000000
3X2 2000 384 187.683327 0.049079 4377152388933999394816.000000
3X2 2000 384 187.609922 0.049099 4377153094804304297984.000000
3X2 2000 384 188.032816 0.048988 4377153802015922454528.000000
3X2 2000 384 187.494939 0.049129 4377154506715961491456.000000
3X2 3000 96 175.872258 0.029466 4377156375668992770048.000000
3X2 3000 96 171.475822 0.030222 4377156956522159276032.000000
3X2 3000 96 174.709395 0.029662 4377157541515749228544.000000
3X2 3000 96 175.487641 0.029531 4377158124826990215168.000000
3X2 3000 96 175.699231 0.029495 4377158706092606750720.000000
3X2 3000 192 183.829011 0.056381 4377160577575347552256.000000
3X2 3000 192 183.403856 0.056512 4377161331586064973824.000000
3X2 3000 192 183.386728 0.056517 4377162084453577654272.000000
3X2 3000 192 182.847346 0.056684 4377162835318959767552.000000
3X2 3000 192 184.417589 0.056201 4377163587641759236096.000000
3X2 3000 384 189.056824 0.109645 4377165864237215514624.000000
3X2 3000 384 187.928568 0.110303 4377166956766152884224.000000
3X2 3000 384 188.412763 0.110020 4377168053294460829696.000000
3X2 3000 384 188.191201 0.110149 4377169146937006358528.000000
3X2 3000 384 188.042305 0.110236 4377170241640720236544.000000
3X2 4000 96 169.518594 0.054352 4377174128225468022784.000000
3X2 4000 96 169.095496 0.054488 4377174860555831738368.000000
3X2 4000 96 168.720616 0.054609 4377175591652453515264.000000
3X2 4000 96 169.127429 0.054478 4377176325471265095680.000000
3X2 4000 96 169.503419 0.054357 4377177062389404139520.000000
3X2 4000 192 180.448212 0.102120 4377180734370240004096.000000
3X2 4000 192 178.810694 0.103055 4377181775898279936000.000000
3X2 4000 192 176.774378 0.104242 4377182822175044272128.000000
3X2 4000 192 176.533983 0.104384 4377183875055104294912.000000
3X2 4000 192 179.047431 0.102919 4377184929608959524864.000000
3X2 4000 384 182.556347 0.201882 4377189264904582856704.000000
3X2 4000 384 180.381402 0.204316 4377190942961735565312.000000
3X2 4000 384 180.435533 0.204255 4377192633129074425856.000000
3X2 4000 384 180.430437 0.204260 4377194325168451747840.000000
3X2 4000 384 180.427495 0.204264 4377196017882298843136.000000
3X2 5000 96 176.459914 0.081589 4377201112737283309568.000000
3X2 5000 96 176.040056 0.081783 4377202017520112369664.000000
3X2 5000 96 176.087930 0.081761 4377202921653655306240.000000
3X2 5000 96 176.328263 0.081650 4377203824421213044736.000000
3X2 5000 96 175.598231 0.081989 4377204726552229576704.000000
3X2 5000 192 184.858183 0.155764 4377209248334138048512.000000
3X2 5000 192 184.293552 0.156241 4377210627564685492224.000000
3X2 5000 192 184.576108 0.156002 4377212007008111689728.000000
3X2 5000 192 184.648306 0.155941 4377213385210998030336.000000
3X2 5000 192 184.726701 0.155875 4377214763429695848448.000000
3X2 5000 384 177.075381 0.325220 4377220156575846498304.000000
3X2 5000 384 177.350174 0.324716 4377222619430576979968.000000
3X2 5000 384 177.315678 0.324779 4377225077419172429824.000000
3X2 5000 384 177.202190 0.324987 4377227536149289369600.000000
3X2 5000 384 177.143975 0.325094 4377230002974615404544.000000
3X2 6000 96 171.981637 0.120551 4377238556684372148224.000000
3X2 6000 96 171.195037 0.121105 4377239707695341633536.000000
3X2 6000 96 171.926763 0.120589 4377240863089888854016.000000
3X2 6000 96 171.541760 0.120860 4377242017413714673664.000000
3X2 6000 96 171.268851 0.121053 4377243177052166160384.000000
3X2 6000 192 184.344884 0.224932 4377250679724852117504.000000
3X2 6000 192 177.300635 0.233869 4377252499320378228736.000000
3X2 6000 192 177.433973 0.233693 4377254376074650845184.000000
3X2 6000 192 177.565585 0.233520 4377256251546302152704.000000
3X2 6000 192 179.013319 0.231631 4377258125683410862080.000000
3X2 6000 384 178.603177 0.464326 4377266796901934563328.000000
3X2 6000 384 177.004606 0.468520 4377270150699514593280.000000
3X2 6000 384 176.953631 0.468655 4377273528654361526272.000000
3X2 6000 384 176.868638 0.468880 4377276907712059801600.000000
3X2 6000 384 176.947781 0.468670 4377280286797686374400.000000
3X3 1000 96 147.424446 0.003903 4377289309760160530432.000000
3X3 1000 96 154.268797 0.003730 4377289730614547709952.000000
3X3 1000 96 153.892401 0.003739 4377290148214116712448.000000
3X3 1000 96 154.054236 0.003735 4377290564184811503616.000000
3X3 1000 96 153.830525 0.003741 4377290984366856994816.000000
3X3 1000 192 158.511541 0.007260 4377291594512493707264.000000
3X3 1000 192 162.897726 0.007065 4377292048930304950272.000000
3X3 1000 192 161.428026 0.007129 4377292502659351183360.000000
3X3 1000 192 163.468478 0.007040 4377292969265203773440.000000
3X3 1000 192 162.738117 0.007072 4377293421895829422080.000000
3X3 1000 384 146.246658 0.015738 4377294139434929750016.000000
3X3 1000 384 168.055572 0.013696 4377294666103965876224.000000
3X3 1000 384 151.714058 0.015171 4377295182299819671552.000000
3X3 1000 384 152.003251 0.015142 4377295704622128168960.000000
3X3 1000 384 152.186539 0.015124 4377296224634542227456.000000
3X3 2000 96 168.347364 0.013679 4377297283091438501888.000000
3X3 2000 96 171.039262 0.013464 4377297790647816683520.000000
3X3 2000 96 169.283518 0.013603 4377298281356136546304.000000
3X3 2000 96 171.077293 0.013461 4377298767429417041920.000000
3X3 2000 96 171.249205 0.013447 4377299246325456961536.000000
3X3 2000 192 178.263583 0.025836 4377300345064335081472.000000
3X3 2000 192 178.648400 0.025781 4377300907363156885504.000000
3X3 2000 192 179.664337 0.025635 4377301464619344199680.000000
3X3 2000 192 179.848493 0.025609 4377302019598706016256.000000
3X3 2000 192 178.679263 0.025776 4377302574454989651968.000000
3X3 2000 384 182.413905 0.050497 4377303907956566261760.000000
3X3 2000 384 183.535218 0.050189 4377304628639038963712.000000
3X3 2000 384 183.868473 0.050098 4377305341287708229632.000000
3X3 2000 384 183.398811 0.050226 4377306054612221952000.000000
3X3 2000 384 182.686499 0.050422 4377306766030636318720.000000
3X3 3000 96 174.450333 0.029706 4377308647052201164800.000000
3X3 3000 96 173.902066 0.029800 4377309228421637734400.000000
3X3 3000 96 175.422980 0.029542 4377309807711028248576.000000
3X3 3000 96 175.259281 0.029569 4377310385914302693376.000000
3X3 3000 96 175.066548 0.029602 4377310965960270675968.000000
3X3 3000 192 183.320124 0.056538 4377312843192381997056.000000
3X3 3000 192 183.405488 0.056512 4377313599733022851072.000000
3X3 3000 192 183.564234 0.056463 4377314354951158759424.000000
3X3 3000 192 182.928896 0.056659 4377315107098903707648.000000
3X3 3000 192 183.423947 0.056506 4377315859900583641088.000000
3X3 3000 384 188.998991 0.109678 4377318151677382492160.000000
3X3 3000 384 188.899355 0.109736 4377319239170864447488.000000
3X3 3000 384 188.772330 0.109810 4377320326576307437568.000000
3X3 3000 384 188.765357 0.109814 4377321416000426999808.000000
3X3 3000 384 188.841594 0.109770 4377322504806899122176.000000
3X3 4000 96 175.417113 0.052524 4377326377614322434048.000000
3X3 4000 96 175.567346 0.052480 4377327097747514327040.000000
3X3 4000 96 175.061963 0.052631 4377327815169643380736.000000
3X3 4000 96 174.482348 0.052806 4377328532854279241728.000000
3X3 4000 96 175.227139 0.052581 4377329251495995506688.000000
3X3 4000 192 185.007712 0.099603 4377332940793462652928.000000
3X3 4000 192 185.676537 0.099245 4377333962199925260288.000000
3X3 4000 192 185.599010 0.099286 4377334980122896236544.000000
3X3 4000 192 185.187900 0.099506 4377335997744299376640.000000
3X3 4000 192 185.409335 0.099388 4377337015768321097728.000000
3X3 4000 384 189.912328 0.194062 4377341303539394674688.000000
3X3 4000 384 186.295670 0.197830 4377342927322462289920.000000
3X3 4000 384 186.588655 0.197519 4377344576017217355776.000000
3X3 4000 384 186.631361 0.197474 4377346222569246687232.000000
3X3 4000 384 186.604173 0.197502 4377347869338676756480.000000
3X3 5000 96 168.699439 0.085342 4377352916036602560512.000000
3X3 5000 96 168.094300 0.085649 4377353840916195966976.000000
3X3 5000 96 168.702916 0.085340 4377354768231942848512.000000
3X3 5000 96 168.520985 0.085432 4377355695147654840320.000000
3X3 5000 96 168.567045 0.085409 4377356623110966607872.000000
3X3 5000 192 178.647472 0.161179 4377361163659342512128.000000
3X3 5000 192 178.414893 0.161389 4377362574282560897024.000000
3X3 5000 192 178.399290 0.161403 4377363987278687895552.000000
3X3 5000 192 178.422076 0.161383 4377365400283339292672.000000
3X3 5000 192 178.298770 0.161494 4377366813596728164352.000000
3X3 5000 384 179.605972 0.320638 4377372237065916776448.000000
3X3 5000 384 179.961977 0.320004 4377374669355211554816.000000
3X3 5000 384 179.929048 0.320062 4377377103013115068416.000000
3X3 5000 384 180.031390 0.319880 4377379536478877515776.000000
3X3 5000 384 179.936030 0.320050 4377381969027798663168.000000
3X3 6000 96 158.785661 0.130569 4377390485792941408256.000000
3X3 6000 96 163.307103 0.126954 4377391700124028633088.000000
3X3 6000 96 154.938251 0.133812 4377392891382229106688.000000
3X3 6000 96 158.853633 0.130514 4377394127128005443584.000000
3X3 6000 96 157.640379 0.131518 4377395342960414425088.000000
3X3 6000 192 171.540919 0.241721 4377402900060077817856.000000
3X3 6000 192 171.389238 0.241935 4377404831298827059200.000000
3X3 6000 192 171.946106 0.241152 4377406760116989460480.000000
3X3 6000 192 171.585796 0.241658 4377408684658839781376.000000
3X3 6000 192 171.805413 0.241349 4377410612645217173504.000000
3X3 6000 384 181.093317 0.457942 4377419347491338321920.000000
3X3 6000 384 181.230019 0.457596 4377422661341301702656.000000
3X3 6000 384 181.277237 0.457477 4377425970891489017856.000000
3X3 6000 384 181.244685 0.457559 4377429280332985139200.000000
3X3 6000 384 181.316883 0.457377 4377432590518527721472.000000
4X2 1000 96 163.835026 0.003512 4377441584985757188096.000000
4X2 1000 96 174.313122 0.003301 4377442003456459014144.000000
4X2 1000 96 170.848936 0.003368 4377442415619725590528.000000
4X2 1000 96 171.054982 0.003364 4377442828390376669184.000000
4X2 1000 96 171.150174 0.003362 4377443240677382553600.000000
4X2 1000 192 152.382203 0.007552 4377443844397718831104.000000
4X2 1000 192 161.422433 0.007129 4377444308809095839744.000000
4X2 1000 192 181.315199 0.006347 4377444783025261379584.000000
4X2 1000 192 181.034088 0.006357 4377445260235349426176.000000
4X2 1000 192 181.468500 0.006342 4377445703847747518464.000000
4X2 1000 384 184.274918 0.012491 4377446408672453853184.000000
4X2 1000 384 187.069301 0.012304 4377446897353779314688.000000
4X2 1000 384 162.819990 0.014136 4377447385898996989952.000000
4X2 1000 384 163.178265 0.014105 4377447890621237821440.000000
4X2 1000 384 163.056874 0.014116 4377448402249428500480.000000
4X2 2000 96 152.154067 0.015135 4377449449856573636608.000000
4X2 2000 96 154.304888 0.014924 4377449967690894540800.000000
4X2 2000 96 154.337495 0.014921 4377450482788320411648.000000
4X2 2000 96 169.667629 0.013573 4377450995486946230272.000000
4X2 2000 96 169.379915 0.013596 4377451494200122015744.000000
4X2 2000 192 179.329714 0.025683 4377452594128340123648.000000
4X2 2000 192 180.647012 0.025496 4377453154380303302656.000000
4X2 2000 192 180.550206 0.025509 4377453709361837244416.000000
4X2 2000 192 180.708470 0.025487 4377454262865049419776.000000
4X2 2000 192 180.786731 0.025476 4377454816809903456256.000000
4X2 2000 384 186.001483 0.049523 4377456144570655440896.000000
4X2 2000 384 186.767917 0.049320 4377456855898946273280.000000
4X2 2000 384 186.223064 0.049464 4377457559965765468160.000000
4X2 2000 384 186.626899 0.049357 4377458264631831166976.000000
4X2 2000 384 186.614210 0.049361 4377458970115007578112.000000
4X2 3000 96 174.224639 0.029745 4377460837600978796544.000000
4X2 3000 96 174.215561 0.029746 4377461415671198908416.000000
4X2 3000 96 174.577042 0.029685 4377461990796643270656.000000
4X2 3000 96 175.999565 0.029445 4377462567802874363904.000000
4X2 3000 96 175.736916 0.029489 4377463141993823600640.000000
4X2 3000 192 182.843472 0.056685 4377465010278020153344.000000
4X2 3000 192 182.784672 0.056704 4377465760086470164480.000000
4X2 3000 192 183.646679 0.056437 4377466510956051300352.000000
4X2 3000 192 183.958954 0.056342 4377467258524104916992.000000
4X2 3000 192 183.912631 0.056356 4377468006345455697920.000000
4X2 3000 384 186.649342 0.111059 4377470280916516995072.000000
4X2 3000 384 185.406095 0.111804 4377471379031219240960.000000
4X2 3000 384 185.406722 0.111803 4377472479765935423488.000000
4X2 3000 384 185.449231 0.111778 4377473579686021300224.000000
4X2 3000 384 185.430293 0.111789 4377474679063404085248.000000
4X2 4000 96 168.380957 0.054719 4377478546124639830016.000000
4X2 4000 96 168.575792 0.054656 4377479280629980856320.000000
4X2 4000 96 168.684611 0.054621 4377480013840764108800.000000
4X2 4000 96 168.859277 0.054564 4377480746248133672960.000000
4X2 4000 96 168.448469 0.054697 4377481477730292727808.000000
4X2 4000 192 179.727383 0.102530 4377485175795030687744.000000
4X2 4000 192 179.985123 0.102383 4377486212395148771328.000000
4X2 4000 192 179.731086 0.102528 4377487248127714918400.000000
4X2 4000 192 179.874887 0.102446 4377488285647339257856.000000
4X2 4000 192 179.522893 0.102646 4377489321951543427072.000000
4X2 4000 384 179.807931 0.204968 4377493657155442049024.000000
4X2 4000 384 180.118888 0.204614 4377495353227154030592.000000
4X2 4000 384 180.091248 0.204645 4377497050328777883648.000000
4X2 4000 384 180.143033 0.204586 4377498744585684254720.000000
4X2 4000 384 180.090105 0.204646 4377500436890124812288.000000
4X2 5000 96 175.717911 0.081933 4377505531550693851136.000000
4X2 5000 96 174.999605 0.082269 4377506435752765423616.000000
4X2 5000 96 175.016947 0.082261 4377507339314746884096.000000
4X2 5000 96 175.644785 0.081967 4377508244012682182656.000000
4X2 5000 96 175.268176 0.082143 4377509145767356399616.000000
4X2 5000 192 183.858900 0.156611 4377513671282284560384.000000
4X2 5000 192 183.735699 0.156716 4377515054308222566400.000000
4X2 5000 192 184.040078 0.156456 4377516435306048389120.000000
4X2 5000 192 183.661052 0.156779 4377517817579866947584.000000
4X2 5000 192 184.016586 0.156476 4377519199410837258240.000000
4X2 5000 384 182.292920 0.315912 4377524586071336681472.000000
4X2 5000 384 181.275780 0.317684 4377526990265137496064.000000
4X2 5000 384 181.253171 0.317724 4377529401564280127488.000000
4X2 5000 384 181.328458 0.317592 4377531821360945823744.000000
4X2 5000 384 181.238619 0.317749 4377534239478713942016.000000
4X2 6000 96 171.184721 0.121112 4377542750023805042688.000000
4X2 6000 96 171.327638 0.121011 4377543908436618510336.000000
4X2 6000 96 171.125945 0.121154 4377545062177903738880.000000
4X2 6000 96 171.256179 0.121062 4377546215086503231488.000000
4X2 6000 96 170.927314 0.121295 4377547369187580051456.000000
4X2 6000 192 182.432822 0.227290 4377554867070860001280.000000
4X2 6000 192 175.120064 0.236781 4377556703175717683200.000000
4X2 6000 192 175.105020 0.236801 4377558596133392482304.000000
4X2 6000 192 181.089912 0.228975 4377560490530598551552.000000
4X2 6000 192 175.123721 0.236776 4377562333266678120448.000000
4X2 6000 384 183.132976 0.452841 4377571036324138319872.000000
4X2 6000 384 180.819088 0.458636 4377574316495511486464.000000
4X2 6000 384 180.961396 0.458276 4377577632510009409536.000000
4X2 6000 384 180.783799 0.458726 4377580944677331795968.000000
4X2 6000 384 181.065252 0.458013 4377584266633214427136.000000
