2x1 1000 96 138.003016 0.004170 586265397245870276608.000000
2x1 1000 96 123.501634 0.004659 586265794811591262208.000000
2x1 1000 96 118.509853 0.004855 586266185975014752256.000000
2x1 1000 96 110.770169 0.005195 586266597055525552128.000000
2x1 1000 96 112.597939 0.005110 586266995900420849664.000000
2x1 1000 192 106.164038 0.010840 586267520708016865280.000000
2x1 1000 192 88.073394 0.013067 586267956915911917568.000000
2x1 1000 192 104.034730 0.011062 586268411529137094656.000000
2x1 1000 192 88.815639 0.012958 586268855710823743488.000000
2x1 1000 192 81.567540 0.014109 586269313628074803200.000000
2x1 1000 384 44.917863 0.051242 586269969873859248128.000000
2x1 1000 384 47.396515 0.048563 586270681104249323520.000000
2x1 1000 384 46.789965 0.049192 586271364959562170368.000000
2x1 1000 384 52.279659 0.044027 586272048205486489600.000000
2x1 1000 384 46.564891 0.049430 586272695133652779008.000000
2x1 2000 96 177.025780 0.013009 586273729577722576896.000000
2x1 2000 96 197.261727 0.011674 586274185059896524800.000000
2x1 2000 96 202.517717 0.011371 586274630607885565952.000000
2x1 2000 96 192.140958 0.011985 586275068762564526080.000000
2x1 2000 96 223.647154 0.010297 586275513676014092288.000000
2x1 2000 192 145.923504 0.031562 586276338214001639424.000000
2x1 2000 192 160.391987 0.028715 586276899617736818688.000000
2x1 2000 192 154.572189 0.029796 586277445779923599360.000000
2x1 2000 192 153.928437 0.029921 586277990433765588992.000000
2x1 2000 192 165.466673 0.027835 586278535061187854336.000000
2x1 2000 384 121.761484 0.075651 586279570339075194880.000000
2x1 2000 384 116.167090 0.079294 586280424200325300224.000000
2x1 2000 384 122.329753 0.075300 586281303468838158336.000000
2x1 2000 384 118.180391 0.077943 586282155064373018624.000000
2x1 2000 384 118.573188 0.077685 586283018031069200384.000000
2x1 3000 96 229.340877 0.022596 586284599708718333952.000000
2x1 3000 96 237.810161 0.021792 586285106926753677312.000000
2x1 3000 96 234.481049 0.022101 586285604398748008448.000000
2x1 3000 96 231.229073 0.022412 586286131196955197440.000000
2x1 3000 96 227.332395 0.022796 586286636552085307392.000000
2x1 3000 192 180.190177 0.057520 586287972658514362368.000000
2x1 3000 192 200.045739 0.051811 586288712209581342720.000000
2x1 3000 192 197.145437 0.052573 586289414712899731456.000000
2x1 3000 192 200.355200 0.051731 586290114062995947520.000000
2x1 3000 192 182.919279 0.056662 586290807600030220288.000000
2x1 3000 384 113.037589 0.183382 586292497010116657152.000000
2x1 3000 384 76.770607 0.270013 586294031599069102080.000000
2x1 3000 384 115.793872 0.179017 586296119672935809024.000000
2x1 3000 384 76.838961 0.269773 586297626002524471296.000000
2x1 3000 384 77.109727 0.268826 586299711775130517504.000000
2x1 4000 96 248.213833 0.037120 586303140843586125824.000000
2x1 4000 96 238.801056 0.038583 586303732162135982080.000000
2x1 4000 96 220.727071 0.041742 586304339678777769984.000000
2x1 4000 96 250.217386 0.036823 586304972088608686080.000000
2x1 4000 96 246.530268 0.037373 586305567801967378432.000000
2x1 4000 192 197.424452 0.093339 586307581316330684416.000000
2x1 4000 192 203.220882 0.090677 586308529774439956480.000000
2x1 4000 192 212.377991 0.086767 586309466383653994496.000000
2x1 4000 192 207.268340 0.088906 586310390235146944512.000000
2x1 4000 192 210.642794 0.087482 586311320734601314304.000000
2x1 4000 384 143.739528 0.256400 586313827657464807424.000000
2x1 4000 384 126.907937 0.290406 586315822281089810432.000000
2x1 4000 384 127.652841 0.288711 586318040579583705088.000000
2x1 4000 384 127.822393 0.288328 586320249976202788864.000000
2x1 4000 384 128.807993 0.286122 586322455708451078144.000000
2x2 1000 96 126.763356 0.004539 586327219638344024064.000000
2x2 1000 96 133.443627 0.004312 586327610704909893632.000000
2x2 1000 96 130.813799 0.004399 586327999784308113408.000000
2x2 1000 96 136.476510 0.004216 586328397754368262144.000000
2x2 1000 96 146.635588 0.003924 586328790102854074368.000000
2x2 1000 192 88.706837 0.012974 586329314134187966464.000000
2x2 1000 192 69.720619 0.016507 586329767537141612544.000000
2x2 1000 192 85.713169 0.013427 586330237072260399104.000000
2x2 1000 192 114.983109 0.010009 586330705575929643008.000000
2x2 1000 192 111.575094 0.010315 586331136849290395648.000000
2x2 1000 384 71.279636 0.032291 586331726754073870336.000000
2x2 1000 384 63.329230 0.036345 586332297800403189760.000000
2x2 1000 384 64.835451 0.035501 586332893524882751488.000000
2x2 1000 384 68.815647 0.033447 586333477607406960640.000000
2x2 1000 384 66.844130 0.034434 586334053012223229952.000000
2x2 2000 96 216.420187 0.010641 586334973328817127424.000000
2x2 2000 96 215.419538 0.010690 586335407533691371520.000000
2x2 2000 96 241.444966 0.009538 586335842927506489344.000000
2x2 2000 96 212.061682 0.010859 586336270564253106176.000000
2x2 2000 96 209.789040 0.010977 586336712681952509952.000000
2x2 2000 192 194.673951 0.023659 586337550265622724608.000000
2x2 2000 192 174.879416 0.026336 586338069663382241280.000000
2x2 2000 192 168.630769 0.027312 586338607090389090304.000000
2x2 2000 192 170.258083 0.027051 586339147318592143360.000000
2x2 2000 192 173.980631 0.026472 586339685540914331648.000000
2x2 2000 384 137.078690 0.067198 586340700152166088704.000000
2x2 2000 384 135.995379 0.067733 586341500784100376576.000000
2x2 2000 384 136.215254 0.067624 586342299044700618752.000000
2x2 2000 384 144.886503 0.063577 586343097353582149632.000000
2x2 2000 384 138.288164 0.066610 586343883371827560448.000000
2x2 3000 96 248.490781 0.020855 586345395061844869120.000000
2x2 3000 96 263.998362 0.019630 586345890306248867840.000000
2x2 3000 96 239.312578 0.021655 586346378963223052288.000000
2x2 3000 96 247.802411 0.020913 586346881095408812032.000000
2x2 3000 96 265.007445 0.019555 586347378960535912448.000000
2x2 3000 192 203.199507 0.051007 586348668893156278272.000000
2x2 3000 192 188.234231 0.055062 586349357652091535360.000000
2x2 3000 192 201.166081 0.051522 586350091485859545088.000000
2x2 3000 192 206.495209 0.050193 586350785631162662912.000000
2x2 3000 192 198.928869 0.052102 586351469437400317952.000000
2x2 3000 384 103.399880 0.200475 586353084584916287488.000000
2x2 3000 384 102.318790 0.202593 586354729432418091008.000000
2x2 3000 384 103.201039 0.200861 586356385706594598912.000000
2x2 3000 384 103.316333 0.200637 586358031014947389440.000000
2x2 3000 384 103.991362 0.199335 586359675069706797056.000000
2x2 4000 96 261.233740 0.035270 586362640706000060416.000000
2x2 4000 96 254.730101 0.036170 586363216507046461440.000000
2x2 4000 96 276.129810 0.033367 586363809199624945664.000000
2x2 4000 96 259.412984 0.035517 586364380327557922816.000000
2x2 4000 96 276.615731 0.033309 586364961987797778432.000000
2x2 4000 192 251.565195 0.073251 586366994403593682944.000000
2x2 4000 192 124.892137 0.147546 586367824371359940608.000000
2x2 4000 192 218.430640 0.084363 586369121452095242240.000000
2x2 4000 192 219.196108 0.084068 586370020248427757568.000000
2x2 4000 192 218.859701 0.084197 586370913950904877056.000000
2x2 4000 384 195.646339 0.188375 586373405745173823488.000000
2x2 4000 384 198.238873 0.185911 586374966523841019904.000000
2x2 4000 384 192.311484 0.191641 586376528285875306496.000000
2x2 4000 384 200.829597 0.183513 586378111637610561536.000000
2x2 4000 384 261.606133 0.140879 586379647994474594304.000000
2x3 1000 96 130.247541 0.004418 586383577522021924864.000000
2x3 1000 96 133.351039 0.004315 586383974244843716608.000000
2x3 1000 96 124.422187 0.004625 586384362540248268800.000000
2x3 1000 96 113.689377 0.005061 586384755005438558208.000000
2x3 1000 96 129.087024 0.004458 586385152376381833216.000000
2x3 1000 192 111.950118 0.010280 586385671729027809280.000000
2x3 1000 192 73.051574 0.015754 586386106495380553728.000000
2x3 1000 192 113.727294 0.010119 586386570312374943744.000000
2x3 1000 192 68.371641 0.016832 586387002086977437696.000000
2x3 1000 192 69.358999 0.016593 586387474886531088384.000000
2x3 1000 384 64.272344 0.035812 586388137769295347712.000000
2x3 1000 384 62.518368 0.036816 586388733064517058560.000000
2x3 1000 384 62.978844 0.036547 586389343850079518720.000000
2x3 1000 384 62.812429 0.036644 586389948193953153024.000000
2x3 1000 384 63.572480 0.036206 586390560380859973632.000000
2x3 2000 96 236.648321 0.009731 586391481248282902528.000000
2x3 2000 96 238.087080 0.009672 586391906804537032704.000000
2x3 2000 96 204.886879 0.011240 586392338280041545728.000000
2x3 2000 96 202.022162 0.011399 586392773409773518848.000000
2x3 2000 96 206.709332 0.011141 586393209744791699456.000000
2x3 2000 192 210.872509 0.021841 586394025177179750400.000000
2x3 2000 192 180.240763 0.025553 586394546074247954432.000000
2x3 2000 192 174.027668 0.026465 586395083966598742016.000000
2x3 2000 192 195.245256 0.023589 586395616159909806080.000000
2x3 2000 192 167.604046 0.027480 586396127865503612928.000000
2x3 2000 384 138.775866 0.066376 586397135120102785024.000000
2x3 2000 384 145.103456 0.063482 586397925470181392384.000000
2x3 2000 384 138.137896 0.066683 586398700584875524096.000000
2x3 2000 384 139.425907 0.066067 586399497989526847488.000000
2x3 2000 384 127.427099 0.072288 586400286499151347712.000000
2x3 3000 96 239.014864 0.021682 586401833483509366784.000000
2x3 3000 96 263.674684 0.019654 586402341426485526528.000000
2x3 3000 96 268.097757 0.019330 586402832175817752576.000000
2x3 3000 96 237.039108 0.021863 586403317727684657152.000000
2x3 3000 96 264.955444 0.019559 586403818918277152768.000000
2x3 3000 192 202.789941 0.051110 586405088069234655232.000000
2x3 3000 192 183.753006 0.056405 586405772991945900032.000000
2x3 3000 192 188.912222 0.054864 586406504573413359616.000000
2x3 3000 192 186.329722 0.055625 586407225021646241792.000000
2x3 3000 192 185.785845 0.055788 586407950473865920512.000000
2x3 3000 384 103.040019 0.201175 586409611353571655680.000000
2x3 3000 384 106.870905 0.193964 586411258526263607296.000000
2x3 3000 384 100.810711 0.205624 586412863556519395328.000000
2x3 3000 384 105.196987 0.197050 586414540933843517440.000000
2x3 3000 384 104.433449 0.198491 586416163342799077376.000000
2x3 4000 96 251.853710 0.036584 586419101141660401664.000000
2x3 4000 96 239.862320 0.038412 586419697920313655296.000000
2x3 4000 96 261.173323 0.035278 586420300460390744064.000000
2x3 4000 96 254.226552 0.036242 586420885401519849472.000000
2x3 4000 96 260.576321 0.035359 586421474657554333696.000000
2x3 4000 192 221.417525 0.083225 586423477829044535296.000000
2x3 4000 192 218.326015 0.084403 586424358676181745664.000000
2x3 4000 192 219.848535 0.083819 586425260912245145600.000000
2x3 4000 192 215.343471 0.085572 586426155926370123776.000000
2x3 4000 192 217.965373 0.084543 586427073672071151616.000000
2x3 4000 384 262.012333 0.140660 586429558435678191616.000000
2x3 4000 384 189.867150 0.194108 586430811268114743296.000000
2x3 4000 384 186.539730 0.197571 586432405645231915008.000000
2x3 4000 384 263.955424 0.139625 586434025060235739136.000000
2x3 4000 384 219.774331 0.167694 586435279690438737920.000000
3x1 1000 96 132.549037 0.004341 586439282475966464000.000000
3x1 1000 96 149.287915 0.003854 586439672678084509696.000000
3x1 1000 96 137.484553 0.004185 586440055481150210048.000000
3x1 1000 96 137.427650 0.004187 586440438947658858496.000000
3x1 1000 96 136.524984 0.004215 586440820547614277632.000000
3x1 1000 192 122.526261 0.009393 586441326982373113856.000000
3x1 1000 192 118.133422 0.009742 586441753396124385280.000000
3x1 1000 192 124.015330 0.009280 586442183973690146816.000000
3x1 1000 192 136.879003 0.008408 586442607340030459904.000000
3x1 1000 192 109.916284 0.010470 586443032184642797568.000000
3x1 1000 384 75.826871 0.030355 586443632050846629888.000000
3x1 1000 384 73.766151 0.031203 586444195870453530624.000000
3x1 1000 384 69.165184 0.033278 586444765166070792192.000000
3x1 1000 384 66.218550 0.034759 586445341404815491072.000000
3x1 1000 384 67.361712 0.034169 586445939607998169088.000000
3x1 2000 96 224.898394 0.010240 586446859521162149888.000000
3x1 2000 96 238.722222 0.009647 586447289109415526400.000000
3x1 2000 96 207.755802 0.011084 586447711138988163072.000000
3x1 2000 96 212.853346 0.010819 586448143763984220160.000000
3x1 2000 96 225.621210 0.010207 586448574623930712064.000000
3x1 2000 192 169.307869 0.027203 586449381372325593088.000000
3x1 2000 192 175.801156 0.026198 586449921319556022272.000000
3x1 2000 192 175.297865 0.026274 586450454797225230336.000000
3x1 2000 192 214.004742 0.021521 586450989922581086208.000000
3x1 2000 192 196.120100 0.023484 586451491765768880128.000000
3x1 2000 384 134.930116 0.068268 586452509770159620096.000000
3x1 2000 384 133.040334 0.069238 586453309401901760512.000000
3x1 2000 384 134.578442 0.068446 586454115047199080448.000000
3x1 2000 384 129.389833 0.071191 586454920831562219520.000000
3x1 2000 384 133.820784 0.068834 586455738486977200128.000000
3x1 3000 96 246.978603 0.020983 586457246144335446016.000000
3x1 3000 96 234.422096 0.022107 586457741129533030400.000000
3x1 3000 96 253.757614 0.020422 586458244934794346496.000000
3x1 3000 96 243.497371 0.021283 586458764940054691840.000000
3x1 3000 96 263.538839 0.019664 586459274131741278208.000000
3x1 3000 192 198.096856 0.052321 586460554686678827008.000000
3x1 3000 192 237.451118 0.043649 586461250095399305216.000000
3x1 3000 192 203.316881 0.050977 586461904373900902400.000000
3x1 3000 192 204.842796 0.050598 586462588927434620928.000000
3x1 3000 192 204.759997 0.050618 586463274372430954496.000000
3x1 3000 384 167.648784 0.123646 586464883691818909696.000000
3x1 3000 384 170.604806 0.121504 586466052454019825664.000000
3x1 3000 384 167.469294 0.123778 586467190052452499456.000000
3x1 3000 384 166.010963 0.124866 586468340864625541120.000000
3x1 3000 384 169.025100 0.122639 586469502311396081664.000000
3x1 4000 96 261.165202 0.035279 586471974209352695808.000000
3x1 4000 96 264.039383 0.034895 586472554549208350720.000000
3x1 4000 96 258.141612 0.035692 586473139270835765248.000000
3x1 4000 96 248.926896 0.037014 586473726203658633216.000000
3x1 4000 96 253.865165 0.036294 586474319693824065536.000000
3x1 4000 192 221.036419 0.083368 586476326495650381824.000000
3x1 4000 192 208.712144 0.088291 586477218268328689664.000000
3x1 4000 192 216.264401 0.085208 586478139342228488192.000000
3x1 4000 192 214.560629 0.085884 586479037463847501824.000000
3x1 4000 192 212.564509 0.086691 586479942579596034048.000000
3x1 4000 384 198.299930 0.185854 586482420454827163648.000000
3x1 4000 384 197.671412 0.186445 586483960585207414784.000000
3x1 4000 384 266.218663 0.138438 586485528681731063808.000000
3x1 4000 384 200.322693 0.183977 586486770645758509056.000000
3x1 4000 384 194.927545 0.189069 586488303563486658560.000000
3x2 1000 96 156.464623 0.003678 586492514657899773952.000000
3x2 1000 96 169.764629 0.003390 586492911279441903616.000000
3x2 1000 96 155.976378 0.003689 586493297649143840768.000000
3x2 1000 96 129.589872 0.004440 586493686209867153408.000000
3x2 1000 96 123.511442 0.004659 586494078824048885760.000000
3x2 1000 192 116.788511 0.009854 586494590573450690560.000000
3x2 1000 192 72.537793 0.015865 586495018810402013184.000000
3x2 1000 192 73.128654 0.015737 586495497190697861120.000000
3x2 1000 192 99.294151 0.011590 586495958812985131008.000000
3x2 1000 192 85.131496 0.013518 586496407672438521856.000000
3x2 1000 384 71.181777 0.032335 586497050382191427584.000000
3x2 1000 384 74.639828 0.030837 586497629363954581504.000000
3x2 1000 384 76.003294 0.030284 586498200159081529344.000000
3x2 1000 384 73.671607 0.031243 586498759018253385728.000000
3x2 1000 384 71.017750 0.032410 586499322606103625728.000000
3x2 2000 96 218.238742 0.010552 586500212020081262592.000000
3x2 2000 96 206.417119 0.011156 586500645989589516288.000000
3x2 2000 96 219.754264 0.010479 586501081883033272320.000000
3x2 2000 96 217.984976 0.010564 586501514784669237248.000000
3x2 2000 96 237.620354 0.009691 586501944016500621312.000000
3x2 2000 192 170.979500 0.026937 586502760783032745984.000000
3x2 2000 192 166.187184 0.027714 586503305886762205184.000000
3x2 2000 192 167.234737 0.027540 586503860323866968064.000000
3x2 2000 192 166.776935 0.027616 586504409806233468928.000000
3x2 2000 192 175.854916 0.026190 586504954040625463296.000000
3x2 2000 384 141.002709 0.065328 586505981449776857088.000000
3x2 2000 384 146.595784 0.062835 586506773255798456320.000000
3x2 2000 384 143.444949 0.064216 586507536506179354624.000000
3x2 2000 384 141.715956 0.064999 586508309293276463104.000000
3x2 2000 384 140.695232 0.065471 586509090657525891072.000000
3x2 3000 96 238.897508 0.021692 586510588571300921344.000000
3x2 3000 96 246.025020 0.021064 586511088903793606656.000000
3x2 3000 96 269.473705 0.019231 586511586312498511872.000000
3x2 3000 96 239.463600 0.021641 586512073815635918848.000000
3x2 3000 96 246.088925 0.021059 586512574286996701184.000000
3x2 3000 192 201.682317 0.051390 586513857698753150976.000000
3x2 3000 192 178.142778 0.058181 586514550672037117952.000000
3x2 3000 192 200.452604 0.051706 586515294167179984896.000000
3x2 3000 192 203.029212 0.051050 586515988135875444736.000000
3x2 3000 192 204.117904 0.050777 586516699066425212928.000000
3x2 3000 384 120.404020 0.172163 586518303872450691072.000000
3x2 3000 384 119.065414 0.174098 586519769412255416320.000000
3x2 3000 384 114.323017 0.181320 586521245573378736128.000000
3x2 3000 384 115.854027 0.178924 586522769552342384640.000000
3x2 3000 384 120.201640 0.172453 586524286436778639360.000000
3x2 4000 96 260.990398 0.035303 586527065927910293504.000000
3x2 4000 96 260.293163 0.035397 586527657346536374272.000000
3x2 4000 96 253.302136 0.036374 586528243280689954816.000000
3x2 4000 96 254.233883 0.036241 586528839677255221248.000000
3x2 4000 96 261.653708 0.035213 586529456769096351744.000000
3x2 4000 192 217.681142 0.084653 586531462588279160832.000000
3x2 4000 192 220.626510 0.083523 586532359584912572416.000000
3x2 4000 192 216.031813 0.085299 586533262339389587456.000000
3x2 4000 192 222.261012 0.082909 586534167431147159552.000000
3x2 4000 192 209.593941 0.087919 586535056512271253504.000000
3x2 4000 384 208.027845 0.177163 586537586505175138304.000000
3x2 4000 384 210.659911 0.174949 586539070480001204224.000000
3x2 4000 384 267.251233 0.137903 586540545086898765824.000000
3x2 4000 384 208.417645 0.176831 586541783168339083264.000000
3x2 4000 384 209.194542 0.176175 586543271913025896448.000000
3x3 1000 96 147.072964 0.003913 586547399882197434368.000000
3x3 1000 96 135.539787 0.004245 586547785339660926976.000000
3x3 1000 96 143.550847 0.004009 586548186506532618240.000000
3x3 1000 96 137.129457 0.004196 586548570629901778944.000000
3x3 1000 96 128.700114 0.004471 586548959172453203968.000000
3x3 1000 192 125.714570 0.009154 586549479254780542976.000000
3x3 1000 192 134.368979 0.008565 586549909219210362880.000000
3x3 1000 192 90.603692 0.012702 586550328812193251328.000000
3x3 1000 192 91.250281 0.012612 586550789783012900864.000000
3x3 1000 192 103.680747 0.011100 586551248552166227968.000000
3x3 1000 384 89.888718 0.025606 586551850445006176256.000000
3x3 1000 384 87.255970 0.026379 586552385218446163968.000000
3x3 1000 384 86.792524 0.026520 586552921833875439616.000000
3x3 1000 384 87.952006 0.026170 586553459287922769920.000000
3x3 1000 384 84.219813 0.027330 586553988939451269120.000000
3x3 2000 96 217.309653 0.010597 586554859889853857792.000000
3x3 2000 96 207.384977 0.011104 586555293724649127936.000000
3x3 2000 96 210.115249 0.010960 586555731424435568640.000000
3x3 2000 96 208.244457 0.011058 586556164554296000512.000000
3x3 2000 96 243.529389 0.009456 586556598280883994624.000000
3x3 2000 192 200.580782 0.022962 586557406148306141184.000000
3x3 2000 192 165.173581 0.027884 586557913969222090752.000000
3x3 2000 192 224.836132 0.020485 586558453647473311744.000000
3x3 2000 192 178.141170 0.025854 586558952748242501632.000000
3x3 2000 192 176.641240 0.026074 586559480169482813440.000000
3x3 2000 384 136.795037 0.067337 586560470759597604864.000000
3x3 2000 384 147.246297 0.062558 586561271559877033984.000000
3x3 2000 384 144.308946 0.063831 586562041014667116544.000000
3x3 2000 384 147.746840 0.062346 586562819639351508992.000000
3x3 2000 384 149.339830 0.061681 586563586617918160896.000000
3x3 3000 96 248.989464 0.020813 586565057666214985728.000000
3x3 3000 96 240.462108 0.021551 586565551282171084800.000000
3x3 3000 96 250.626230 0.020677 586566060923426373632.000000
3x3 3000 96 245.602433 0.021100 586566550926396817408.000000
3x3 3000 96 241.473142 0.021461 586567057785020940288.000000
3x3 3000 192 195.491483 0.053018 586568377859105423360.000000
3x3 3000 192 241.415963 0.042932 586569081805969227776.000000
3x3 3000 192 220.612260 0.046981 586569719174309085184.000000
3x3 3000 192 209.236537 0.049535 586570391553641873408.000000
3x3 3000 192 211.558135 0.048991 586571070831911305216.000000
3x3 3000 384 139.780023 0.148298 586572679743127158784.000000
3x3 3000 384 141.983422 0.145997 586573989109903261696.000000
3x3 3000 384 146.960813 0.141052 586575285609128198144.000000
3x3 3000 384 141.421759 0.146576 586576550187080744960.000000
3x3 3000 384 139.588995 0.148501 586577850926362722304.000000
3x3 4000 96 258.662664 0.035621 586580519860469366784.000000
3x3 4000 96 263.304067 0.034993 586581100587250221056.000000
3x3 4000 96 263.313428 0.034991 586581679815695269888.000000
3x3 4000 96 253.799040 0.036303 586582263298916548608.000000
3x3 4000 96 262.024138 0.035164 586582852308601929728.000000
3x3 4000 192 148.595723 0.124010 586584842000470900736.000000
3x3 4000 192 222.047662 0.082988 586585983032593088512.000000
3x3 4000 192 228.148826 0.080769 586586865879013130240.000000
3x3 4000 192 230.900293 0.079807 586587737560204378112.000000
3x3 4000 192 226.717187 0.081279 586588598744404525056.000000
3x3 4000 384 274.364691 0.134328 586591058942271881216.000000
3x3 4000 384 232.758769 0.158339 586592270603971526656.000000
3x3 4000 384 270.013028 0.136493 586593638268786376704.000000
3x3 4000 384 239.813792 0.153681 586594881597229629440.000000
3x3 4000 384 255.879522 0.144032 586596219954365923328.000000
4x1 1000 96 137.471908 0.004186 586600121300231651328.000000
4x1 1000 96 138.869341 0.004144 586600512582791331840.000000
4x1 1000 96 133.389710 0.004314 586600902101152759808.000000
4x1 1000 96 112.365159 0.005121 586601294728070758400.000000
4x1 1000 96 106.210783 0.005418 586601703641541509120.000000
4x1 1000 192 108.634107 0.010594 586602231131908734976.000000
4x1 1000 192 65.596809 0.017544 586602679319066705920.000000
4x1 1000 192 58.127403 0.019799 586603160313436569600.000000
4x1 1000 192 110.684132 0.010398 586603653906218483712.000000
4x1 1000 192 76.293763 0.015084 586604084152788713472.000000
4x1 1000 384 54.964998 0.041876 586604726183732707328.000000
4x1 1000 384 49.286600 0.046700 586605365357019332608.000000
4x1 1000 384 51.649955 0.044563 586606047103212322816.000000
4x1 1000 384 47.348583 0.048612 586606693259883905024.000000
4x1 1000 384 49.691486 0.046320 586607380197046091776.000000
4x1 2000 96 207.693744 0.011088 586608389449053372416.000000
4x1 2000 96 197.016058 0.011689 586608825802529308672.000000
4x1 2000 96 212.229013 0.010851 586609265279338807296.000000
4x1 2000 96 202.669179 0.011363 586609701487957508096.000000
4x1 2000 96 203.019719 0.011343 586610135706905542656.000000
4x1 2000 192 159.653694 0.028848 586610957369424216064.000000
4x1 2000 192 153.450935 0.030014 586611508652327632896.000000
4x1 2000 192 160.134179 0.028761 586612061883576942592.000000
4x1 2000 192 155.801074 0.029561 586612619805571612672.000000
4x1 2000 192 159.359955 0.028901 586613170332756934656.000000
4x1 2000 384 114.899596 0.080169 586614184176846897152.000000
4x1 2000 384 125.758660 0.073247 586615068943260450816.000000
4x1 2000 384 126.615337 0.072751 586615907728402284544.000000
4x1 2000 384 116.752848 0.078897 586616735991119413248.000000
4x1 2000 384 130.433082 0.070622 586617613668086644736.000000
4x1 3000 96 221.180181 0.023430 586619154158844903424.000000
4x1 3000 96 268.338834 0.019312 586619663011862544384.000000
4x1 3000 96 241.698273 0.021441 586620146888530001920.000000
4x1 3000 96 245.243289 0.021131 586620646242335064064.000000
4x1 3000 96 234.495214 0.022100 586621142180722900992.000000
4x1 3000 192 195.227367 0.053090 586622431725471989760.000000
4x1 3000 192 192.843640 0.053746 586623134342581780480.000000
4x1 3000 192 205.115649 0.050530 586623842303986237440.000000
4x1 3000 192 205.668481 0.050394 586624532535586979840.000000
4x1 3000 192 176.537587 0.058710 586625234985330999296.000000
4x1 3000 384 86.289561 0.240227 586626909257509896192.000000
4x1 3000 384 92.544047 0.223992 586628809913312411648.000000
4x1 3000 384 91.942817 0.225456 586630604196589207552.000000
4x1 3000 384 92.469445 0.224172 586632423134885380096.000000
4x1 3000 384 85.412095 0.242695 586634232967658799104.000000
4x1 4000 96 256.953142 0.035857 586637471988047282176.000000
4x1 4000 96 256.988116 0.035853 586638074234455719936.000000
4x1 4000 96 272.927398 0.033759 586638659708967321600.000000
4x1 4000 96 255.201926 0.036104 586639237502346133504.000000
4x1 4000 96 252.360728 0.036510 586639828748767920128.000000
4x1 4000 192 89.097617 0.206823 586641837087662669824.000000
4x1 4000 192 86.262287 0.213620 586643514995546521600.000000
4x1 4000 192 91.719866 0.200909 586645240785476517888.000000
4x1 4000 192 214.536816 0.085894 586646886440523857920.000000
4x1 4000 192 83.328169 0.221142 586647799669591900160.000000
4x1 4000 384 196.448147 0.187606 586651196244847755264.000000
4x1 4000 384 174.743023 0.210908 586652747718976667648.000000
4x1 4000 384 254.499583 0.144813 586654452481579220992.000000
4x1 4000 384 175.596363 0.209884 586655737131095883776.000000
4x1 4000 384 170.968766 0.215564 586657436219100495872.000000
4x2 1000 96 149.145520 0.003858 586661778928406626304.000000
4x2 1000 96 138.544782 0.004153 586662167422882938880.000000
4x2 1000 96 138.866057 0.004144 586662557872073146368.000000
4x2 1000 96 143.138411 0.004020 586662959999541051392.000000
4x2 1000 96 142.524924 0.004037 586663366479027896320.000000
4x2 1000 192 135.772368 0.008476 586663885050368491520.000000
4x2 1000 192 102.926154 0.011181 586664306137220972544.000000
4x2 1000 192 93.590832 0.012297 586664744675381280768.000000
4x2 1000 192 123.873781 0.009290 586665190572171788288.000000
4x2 1000 192 146.495165 0.007856 586665617844099284992.000000
4x2 1000 384 83.357477 0.027612 586666200543071633408.000000
4x2 1000 384 85.509024 0.026918 586666747205719621632.000000
4x2 1000 384 81.163195 0.028359 586667291203215491072.000000
4x2 1000 384 91.454713 0.025168 586667842283546411008.000000
4x2 1000 384 81.449379 0.028259 586668368662560243712.000000
4x2 2000 96 233.062745 0.009881 586669246175847579648.000000
4x2 2000 96 200.011378 0.011514 586669665194079092736.000000
4x2 2000 96 209.692188 0.010982 586670124601115475968.000000
4x2 2000 96 229.347937 0.010041 586670552887174103040.000000
4x2 2000 96 202.320149 0.011382 586670968197073469440.000000
4x2 2000 192 167.918996 0.027428 586671794774939336704.000000
4x2 2000 192 178.611882 0.025786 586672337916212281344.000000
4x2 2000 192 162.220284 0.028392 586672867854316011520.000000
4x2 2000 192 174.713064 0.026361 586673415600259792896.000000
4x2 2000 192 177.636379 0.025928 586673946403798122496.000000
4x2 2000 384 151.277026 0.060891 586674949964099747840.000000
4x2 2000 384 145.248506 0.063418 586675709738353295360.000000
4x2 2000 384 149.113890 0.061774 586676484060016803840.000000
4x2 2000 384 146.865791 0.062720 586677240386410971136.000000
4x2 2000 384 148.405400 0.062069 586678004454705528832.000000
4x2 3000 96 265.618953 0.019510 586679484219943485440.000000
4x2 3000 96 267.726564 0.019357 586679968963848896512.000000
4x2 3000 96 266.748022 0.019428 586680456531421429760.000000
4x2 3000 96 246.253059 0.021044 586680944985201836032.000000
4x2 3000 96 244.875104 0.021163 586681440593445715968.000000
4x2 3000 192 207.726037 0.049895 586682755091831193600.000000
4x2 3000 192 203.441075 0.050946 586683435070523572224.000000
4x2 3000 192 208.537740 0.049701 586684121074386862080.000000
4x2 3000 192 210.849141 0.049156 586684803793040703488.000000
4x2 3000 192 204.248806 0.050745 586685477758472749056.000000
4x2 3000 384 197.419837 0.105000 586687084006021136384.000000
4x2 3000 384 141.922861 0.146059 586688116794609500160.000000
4x2 3000 384 158.122124 0.131095 586689409973303377920.000000
4x2 3000 384 201.682489 0.102781 586690623833568837632.000000
4x2 3000 384 137.049442 0.151253 586691654224480698368.000000
4x2 4000 96 259.294738 0.035534 586694375816254980096.000000
4x2 4000 96 252.592773 0.036476 586694957465838747648.000000
4x2 4000 96 254.297568 0.036232 586695564547446669312.000000
4x2 4000 96 271.961650 0.033879 586696169260908281856.000000
4x2 4000 96 247.094472 0.037288 586696743588475633664.000000
4x2 4000 192 221.061601 0.083359 586698773684975828992.000000
4x2 4000 192 229.087670 0.080438 586699658689738113024.000000
4x2 4000 192 219.251800 0.084047 586700531115722735616.000000
4x2 4000 192 183.422252 0.100464 586701431118699036672.000000
4x2 4000 192 228.346243 0.080699 586702445258161848320.000000
4x2 4000 384 232.637767 0.158421 586704900188951085056.000000
4x2 4000 384 274.202462 0.134407 586706276355915972608.000000
4x2 4000 384 223.704082 0.164748 586707493825007124480.000000
4x2 4000 384 227.857810 0.161745 586708909394459492352.000000
4x2 4000 384 225.824651 0.163201 586710301433047154688.000000
4x3 1000 96 158.208867 0.003637 586714394461282762752.000000
4x3 1000 96 147.861912 0.003892 586714803242235396096.000000
4x3 1000 96 163.070795 0.003529 586715194116417257472.000000
4x3 1000 96 156.112298 0.003686 586715595254989324288.000000
4x3 1000 96 148.852186 0.003866 586715986517062582272.000000
4x3 1000 192 115.813230 0.009937 586716498804716863488.000000
4x3 1000 192 146.911577 0.007834 586716932322096709632.000000
4x3 1000 192 121.702006 0.009456 586717345698216935424.000000
4x3 1000 192 152.331778 0.007555 586717773299961298944.000000
4x3 1000 192 149.051333 0.007721 586718184827231010816.000000
4x3 1000 384 109.505578 0.021019 586718765379015933952.000000
4x3 1000 384 117.789675 0.019541 586719270583637442560.000000
4x3 1000 384 109.493420 0.021021 586719759483260960768.000000
4x3 1000 384 114.512387 0.020100 586720269313456078848.000000
4x3 1000 384 119.103359 0.019325 586720758410967777280.000000
4x3 2000 96 219.829490 0.010476 586721603166157537280.000000
4x3 2000 96 242.975431 0.009478 586722035794257575936.000000
4x3 2000 96 229.720560 0.010025 586722460878786854912.000000
4x3 2000 96 193.320167 0.011912 586722903408371105792.000000
4x3 2000 96 214.277061 0.010747 586723347529334325248.000000
4x3 2000 192 216.046737 0.021318 586724163353190989824.000000
4x3 2000 192 213.106538 0.021612 586724669546016931840.000000
4x3 2000 192 181.692610 0.025349 586725171354824015872.000000
4x3 2000 192 183.533050 0.025095 586725702380979945472.000000
4x3 2000 192 197.064815 0.023371 586726237572492296192.000000
4x3 2000 384 154.983037 0.059435 586727225524429979648.000000
4x3 2000 384 165.631870 0.055614 586727991854631878656.000000
4x3 2000 384 171.250183 0.053789 586728714490352304128.000000
4x3 2000 384 169.283717 0.054414 586729422535936311296.000000
4x3 2000 384 169.426379 0.054368 586730133310915084288.000000
4x3 3000 96 252.815745 0.020498 586731565502766907392.000000
4x3 3000 96 252.837478 0.020496 586732062698799366144.000000
4x3 3000 96 250.105440 0.020720 586732568549171724288.000000
4x3 3000 96 253.876993 0.020413 586733066070122823680.000000
4x3 3000 96 250.172437 0.020715 586733563190167601152.000000
4x3 3000 192 223.290492 0.046417 586734882092827869184.000000
4x3 3000 192 212.927654 0.048676 586735541843931234304.000000
4x3 3000 192 251.697289 0.041179 586736215384136744960.000000
4x3 3000 192 213.503279 0.048545 586736839471917367296.000000
4x3 3000 192 254.636686 0.040703 586737513732568383488.000000
4x3 3000 384 217.753180 0.095195 586739060756567949312.000000
4x3 3000 384 197.366749 0.105028 586740028750925987840.000000
4x3 3000 384 231.249299 0.089640 586741079914246176768.000000
4x3 3000 384 185.911932 0.111500 586742021726397399040.000000
4x3 3000 384 184.810616 0.112164 586743107816237629440.000000
4x3 4000 96 278.334623 0.033103 586745507796354138112.000000
4x3 4000 96 249.532720 0.036924 586746072413855744000.000000
4x3 4000 96 281.884442 0.032686 586746662503637385216.000000
4x3 4000 96 264.909363 0.034781 586747230207596101632.000000
4x3 4000 96 264.487118 0.034836 586747808589026689024.000000
4x3 4000 192 182.461385 0.100993 586749800119992778752.000000
4x3 4000 192 187.418018 0.098322 586750807472223682560.000000
4x3 4000 192 188.461447 0.097778 586751794597467324416.000000
4x3 4000 192 241.754620 0.076224 586752781424272146432.000000
4x3 4000 192 235.350422 0.078298 586753640521074016256.000000
4x3 4000 384 268.051182 0.137492 586756096666256932864.000000
4x3 4000 384 259.982017 0.141759 586757331838553882624.000000
4x3 4000 384 257.385858 0.143189 586758592112026255360.000000
4x3 4000 384 259.545892 0.141997 586759864755169394688.000000
4x3 4000 384 257.580892 0.143080 586761126618094960640.000000
