2X1 1000 24 24.342530 0.005910 1336488347593979392.000000
2X1 1000 24 64.172554 0.002242 1337426457473473024.000000
2X1 1000 24 57.294110 0.002511 1337801469915523328.000000
2X1 1000 24 58.977391 0.002439 1338140045194594816.000000
2X1 1000 24 54.813060 0.002624 1338473931174700544.000000
2X1 1000 96 40.089282 0.014354 1347570503500671488.000000
2X1 1000 96 43.559032 0.013210 1348585618259516672.000000
2X1 1000 96 43.189138 0.013323 1349033345462729728.000000
2X1 1000 96 47.396056 0.012141 1349441900373502208.000000
2X1 1000 96 53.063114 0.010844 1349841710951910656.000000
2X1 1000 192 29.245532 0.039351 1359029228610935296.000000
2X1 1000 192 28.839597 0.039905 1360190173698487552.000000
2X1 1000 192 32.124740 0.035824 1360805260112533504.000000
2X1 1000 192 44.723851 0.025732 1361355363925028352.000000
2X1 1000 192 35.787670 0.032158 1361842196623887360.000000
2X1 2000 24 58.377279 0.009862 1371360587443967488.000000
2X1 2000 24 86.084365 0.006688 1372411424671425792.000000
2X1 2000 24 84.528880 0.006811 1372890047879494400.000000
2X1 2000 24 89.513684 0.006432 1373348451914174208.000000
2X1 2000 24 87.224505 0.006600 1373791198548036352.000000
2X1 2000 96 64.894534 0.035486 1383192685386762496.000000
2X1 2000 96 83.026386 0.027736 1384384020168795648.000000
2X1 2000 96 78.300644 0.029410 1385011244892634624.000000
2X1 2000 96 77.236030 0.029816 1385606523595670784.000000
2X1 2000 96 77.191448 0.029833 1386201807437906432.000000
2X1 2000 192 51.013506 0.090284 1395886142204889344.000000
2X1 2000 192 54.249376 0.084899 1397448863131553280.000000
2X1 2000 192 49.964454 0.092179 1398427582609017088.000000
2X1 2000 192 53.534224 0.086033 1399429881291702528.000000
2X1 2000 192 56.061568 0.082154 1400378674293864192.000000
2X1 3000 24 82.243607 0.015753 1410580732337360128.000000
2X1 3000 24 94.987761 0.013639 1411791091764842752.000000
2X1 3000 24 105.468458 0.012284 1412440838023554560.000000
2X1 3000 24 97.439114 0.013296 1413062263662883584.000000
2X1 3000 24 101.983966 0.012704 1413679408419226112.000000
2X1 3000 96 81.154164 0.063857 1423583928787999232.000000
2X1 3000 96 88.962657 0.058252 1425118424359275008.000000
2X1 3000 96 87.327638 0.059343 1426045580191317760.000000
2X1 3000 96 89.104258 0.058160 1426945462450323200.000000
2X1 3000 96 32.404288 0.159925 1427847688830811648.000000
2X1 3000 192 58.230363 0.177992 1438764501340971520.000000
2X1 3000 192 43.765864 0.236818 1441018564460268288.000000
2X1 3000 192 43.351630 0.239081 1443092701162961408.000000
2X1 3000 192 58.423069 0.177405 1445143534666819840.000000
2X1 3000 192 43.516897 0.238173 1446802259614283264.000000
2X1 4000 24 94.470471 0.024382 1458658677767062528.000000
2X1 4000 24 109.128990 0.021107 1460184280205984256.000000
2X1 4000 24 107.322737 0.021463 1461137241975934720.000000
2X1 4000 24 108.546442 0.021221 1462046081232892416.000000
2X1 4000 24 108.491201 0.021231 1462950087670892288.000000
2X1 4000 96 40.948543 0.225007 1473533787500107008.000000
2X1 4000 96 84.449536 0.109103 1476311170222037760.000000
2X1 4000 96 93.266160 0.098789 1477809148988740352.000000
2X1 4000 96 93.809508 0.098217 1479207973590797824.000000
2X1 4000 96 90.802755 0.101469 1480604256208983552.000000
2X1 4000 192 70.294109 0.262147 1491878677296462848.000000
2X1 4000 192 96.814796 0.190337 1494896581030366464.000000
2X1 4000 192 93.725153 0.196611 1496916060058993152.000000
2X1 4000 192 86.456901 0.213140 1498939760213808128.000000
2X1 4000 192 100.165676 0.183969 1501068914187350016.000000
2X2 1000 24 23.806080 0.006043 1513554849326253568.000000
2X2 1000 24 87.713971 0.001640 1514539234960234496.000000
2X2 1000 24 74.393282 0.001934 1514928368073577984.000000
2X2 1000 24 100.535960 0.001431 1515266599269466368.000000
2X2 1000 24 83.031418 0.001733 1515604040065394176.000000
2X2 1000 96 64.849579 0.008873 1524770122256690176.000000
2X2 1000 96 98.552787 0.005839 1525750886182051328.000000
2X2 1000 96 106.367868 0.005410 1526152160120388096.000000
2X2 1000 96 96.806658 0.005944 1526513534271918592.000000
2X2 1000 96 75.398074 0.007632 1526879897837601280.000000
2X2 1000 192 44.953377 0.025601 1536042375587476992.000000
2X2 1000 192 44.790821 0.025694 1537131531123420160.000000
2X2 1000 192 65.375927 0.017604 1537660986604145920.000000
2X2 1000 192 63.993064 0.017984 1538102221244485376.000000
2X2 1000 192 83.404561 0.013798 1538541795212905984.000000
2X2 2000 24 72.393939 0.007952 1547909557682118144.000000
2X2 2000 24 133.541137 0.004311 1548940654372963072.000000
2X2 2000 24 127.962190 0.004499 1549407928883999744.000000
2X2 2000 24 136.862540 0.004206 1549846312868480000.000000
2X2 2000 24 133.992677 0.004297 1550277301698131712.000000
2X2 2000 96 126.006091 0.018276 1559646803066456064.000000
2X2 2000 96 134.775844 0.017087 1560775862990803200.000000
2X2 2000 96 138.875534 0.016582 1561326103641691136.000000
2X2 2000 96 135.943198 0.016940 1561836050412994048.000000
2X2 2000 96 165.129231 0.013946 1562344884973152256.000000
2X2 2000 192 84.513755 0.054496 1571862935210849536.000000
2X2 2000 192 95.298149 0.048329 1573224964070748160.000000
2X2 2000 192 99.820625 0.046140 1573965704603311360.000000
2X2 2000 192 92.311650 0.049893 1574667387064226304.000000
2X2 2000 192 99.249813 0.046405 1575386346541879296.000000
2X2 3000 24 109.907923 0.011788 1585358282196881408.000000
2X2 3000 24 163.438211 0.007927 1586573548772919040.000000
2X2 3000 24 166.855386 0.007765 1587184901203151360.000000
2X2 3000 24 160.023498 0.008096 1587764401564576256.000000
2X2 3000 24 149.629872 0.008658 1588344208466786048.000000
2X2 3000 96 159.156968 0.032561 1598200384300376576.000000
2X2 3000 96 178.338802 0.029059 1599522138973489920.000000
2X2 3000 96 166.367235 0.031150 1600277525111720448.000000
2X2 3000 96 165.134031 0.031382 1601010536243068416.000000
2X2 3000 96 153.405635 0.033781 1601737591438716416.000000
2X2 3000 192 82.820804 0.125144 1611870028109694464.000000
2X2 3000 192 94.475656 0.109706 1613777114939140352.000000
2X2 3000 192 69.326408 0.149504 1615042720181457920.000000
2X2 3000 192 99.092774 0.104594 1616537144797935872.000000
2X2 3000 192 82.484327 0.125655 1617730413224676096.000000
2X2 4000 24 137.614567 0.016738 1628852541762969344.000000
2X2 4000 24 167.804854 0.013727 1630336810616755712.000000
2X2 4000 24 179.173956 0.012856 1631227213561035264.000000
2X2 4000 24 166.537587 0.013831 1632078236270484224.000000
2X2 4000 24 179.609126 0.012825 1632930854960652800.000000
2X2 4000 96 96.099808 0.095876 1643537508529520640.000000
2X2 4000 96 157.037700 0.058672 1645528981889146624.000000
2X2 4000 96 162.497916 0.056700 1646709545465318656.000000
2X2 4000 96 163.656067 0.056299 1647837971168897792.000000
2X2 4000 96 162.998202 0.056526 1648966458184473088.000000
2X2 4000 192 155.089480 0.118818 1659924256202983168.000000
2X2 4000 192 166.964297 0.110367 1662037860084502528.000000
2X2 4000 192 167.013402 0.110335 1663546394466676480.000000
2X2 4000 192 157.072411 0.117318 1665018907148250624.000000
2X2 4000 192 162.972888 0.113070 1666535164986037248.000000
2X3 1000 24 24.585482 0.005851 1678508795388956160.000000
2X3 1000 24 102.064983 0.001409 1679458466375071744.000000
2X3 1000 24 81.986749 0.001755 1679841443648723968.000000
2X3 1000 24 83.228470 0.001728 1680180671593361920.000000
2X3 1000 24 85.316810 0.001686 1680513763736708096.000000
2X3 1000 96 57.041586 0.010088 1689597745708102400.000000
2X3 1000 96 136.721594 0.004209 1690570547355469056.000000
2X3 1000 96 105.459781 0.005456 1690960839380754432.000000
2X3 1000 96 127.435039 0.004515 1691323339868228352.000000
2X3 1000 96 138.756524 0.004147 1691675473220220928.000000
2X3 1000 192 61.061768 0.018847 1700820968404549888.000000
2X3 1000 192 77.610872 0.014828 1701877260415732736.000000
2X3 1000 192 100.816767 0.011415 1702337560418317056.000000
2X3 1000 192 70.486857 0.016327 1702726423541274624.000000
2X3 1000 192 85.195065 0.013508 1703145957133097728.000000
2X3 2000 24 75.022850 0.007674 1712497777503907072.000000
2X3 2000 24 143.643693 0.004008 1713532751218558208.000000
2X3 2000 24 147.806441 0.003895 1714002012609494528.000000
2X3 2000 24 139.597172 0.004124 1714435847941403136.000000
2X3 2000 24 153.171681 0.003759 1714869411919725056.000000
2X3 2000 96 133.247890 0.017282 1724225164399137536.000000
2X3 2000 96 165.197225 0.013940 1725311094008841216.000000
2X3 2000 96 184.213825 0.012501 1725840919364749824.000000
2X3 2000 96 183.681219 0.012537 1726329238450733824.000000
2X3 2000 96 184.198147 0.012502 1726811377697025536.000000
2X3 2000 192 111.284753 0.041387 1736307171391837440.000000
2X3 2000 192 129.347181 0.035607 1737570017747894528.000000
2X3 2000 192 121.057814 0.038045 1738240585202372864.000000
2X3 2000 192 119.128780 0.038661 1738886627038867456.000000
2X3 2000 192 126.483523 0.036413 1739542875076451840.000000
2X3 3000 24 117.586580 0.011018 1749462006081295360.000000
2X3 3000 24 179.136746 0.007232 1750649691813911040.000000
2X3 3000 24 173.883073 0.007451 1751258716826660352.000000
2X3 3000 24 184.391204 0.007026 1751838164208887296.000000
2X3 3000 24 179.623215 0.007213 1752421342989328384.000000
2X3 3000 96 172.876696 0.029977 1762239637845613824.000000
2X3 3000 96 183.889976 0.028181 1763535068590441984.000000
2X3 3000 96 200.162532 0.025890 1764264564963572224.000000
2X3 3000 96 182.587358 0.028382 1764952958637950976.000000
2X3 3000 96 186.544793 0.027780 1765653625060514048.000000
2X3 3000 192 95.082585 0.109006 1775721545235518208.000000
2X3 3000 192 122.457350 0.084638 1777536883762351872.000000
2X3 3000 192 122.641732 0.084511 1778640443047972864.000000
2X3 3000 192 122.874856 0.084350 1779713529259919104.000000
2X3 3000 192 127.782267 0.081111 1780778698185860608.000000
2X3 4000 24 142.601646 0.016153 1791619804088605696.000000
2X3 4000 24 203.065093 0.011343 1793073545071918592.000000
2X3 4000 24 204.175801 0.011282 1793953233303133952.000000
2X3 4000 24 205.768093 0.011194 1794801408703924736.000000
2X3 4000 24 201.064442 0.011456 1795646097308091136.000000
2X3 4000 96 166.215434 0.055432 1806200093049190912.000000
2X3 4000 96 192.394515 0.047890 1807904543747968000.000000
2X3 4000 96 192.450869 0.047876 1809015518975620608.000000
2X3 4000 96 203.362114 0.045307 1810087508266019840.000000
2X3 4000 96 192.751977 0.047801 1811144540238768896.000000
2X3 4000 192 180.853781 0.101891 1822018180450286336.000000
2X3 4000 192 189.078408 0.097459 1824021557137316608.000000
2X3 4000 192 155.238877 0.118703 1825447212656434944.000000
2X3 4000 192 185.699384 0.099232 1826969582698716160.000000
2X3 4000 192 134.919267 0.136581 1828364371512177152.000000
3X1 1000 24 24.183925 0.005948 1840464892827151360.000000
3X1 1000 24 68.412488 0.002103 1841426257431882752.000000
3X1 1000 24 94.115307 0.001529 1841806899390450688.000000
3X1 1000 24 63.059197 0.002281 1842149620141314048.000000
3X1 1000 24 69.383700 0.002073 1842486271254082304.000000
3X1 1000 96 55.007732 0.010461 1851605989639696128.000000
3X1 1000 96 63.405710 0.009075 1852600835900353536.000000
3X1 1000 96 74.945630 0.007678 1853025585383116544.000000
3X1 1000 96 66.505345 0.008652 1853400085914791424.000000
3X1 1000 96 91.340231 0.006300 1853777806510305280.000000
3X1 1000 192 35.675874 0.032258 1862929218007934976.000000
3X1 1000 192 41.499213 0.027732 1864061120927339520.000000
3X1 1000 192 52.684082 0.021844 1864609977667896320.000000
3X1 1000 192 39.869743 0.028865 1865073667507112192.000000
3X1 1000 192 47.267723 0.024347 1865581100710540288.000000
3X1 2000 24 62.463362 0.009217 1875073617803914496.000000
3X1 2000 24 109.604251 0.005253 1876133139920539136.000000
3X1 2000 24 106.782960 0.005391 1876605443602522880.000000
3X1 2000 24 109.987527 0.005234 1877050608764264960.000000
3X1 2000 24 103.081808 0.005585 1877492269887781888.000000
3X1 2000 96 95.906608 0.024011 1886889074953941760.000000
3X1 2000 96 113.602557 0.020271 1888025119511540992.000000
3X1 2000 96 113.628735 0.020266 1888601651514713088.000000
3X1 2000 96 111.909872 0.020578 1889138277407881728.000000
3X1 2000 96 113.257746 0.020333 1889673767883504896.000000
3X1 2000 192 69.001392 0.066748 1899206175176486912.000000
3X1 2000 192 47.924085 0.096104 1900639036045645568.000000
3X1 2000 192 77.046521 0.059778 1901689672197911808.000000
3X1 2000 192 73.396740 0.062751 1902476015851394304.000000
3X1 2000 192 45.028628 0.102284 1903282340348678400.000000
3X1 3000 24 99.467128 0.013025 1913640893590750976.000000
3X1 3000 24 125.680280 0.010308 1914840784685955840.000000
3X1 3000 24 127.027679 0.010199 1915468178235386624.000000
3X1 3000 24 124.595662 0.010398 1916063177738436352.000000
3X1 3000 24 133.388972 0.009713 1916660584332566272.000000
3X1 3000 96 104.359091 0.049658 1926527220095233792.000000
3X1 3000 96 138.588609 0.037393 1927981794384105216.000000
3X1 3000 96 119.419326 0.043396 1928779485121821696.000000
3X1 3000 96 133.607203 0.038787 1929587417670224384.000000
3X1 3000 96 134.773831 0.038452 1930372864434152448.000000
3X1 3000 192 82.106637 0.126233 1940546129333488896.000000
3X1 3000 192 61.504200 0.168518 1942460078421792000.000000
3X1 3000 192 61.039421 0.169801 1944098367581477888.000000
3X1 3000 192 61.543387 0.168410 1945711343948827904.000000
3X1 3000 192 62.062578 0.167002 1947317543190119424.000000
3X1 4000 24 118.049724 0.019512 1958710583062063616.000000
3X1 4000 24 141.849407 0.016239 1960197019646944256.000000
3X1 4000 24 144.605297 0.015929 1961128860848352256.000000
3X1 4000 24 141.883107 0.016235 1962002710391860224.000000
3X1 4000 24 141.059963 0.016329 1962878464082472192.000000
3X1 4000 96 59.484264 0.154893 1973454249646482688.000000
3X1 4000 96 121.097457 0.076085 1975798083814091264.000000
3X1 4000 96 60.347582 0.152677 1977103877732801280.000000
3X1 4000 96 112.855216 0.081642 1978844169863387136.000000
3X1 4000 96 122.253628 0.075365 1980126910797649920.000000
3X1 4000 192 123.481080 0.149233 1991223342607627776.000000
3X1 4000 192 137.344421 0.134169 1993557400698925568.000000
3X1 4000 192 133.504616 0.138028 1995215639700813312.000000
3X1 4000 192 89.366326 0.206201 1996860261621783296.000000
3X1 4000 192 132.769637 0.138792 1998945288096729856.000000
3X2 1000 24 26.703371 0.005387 2011081562497917952.000000
3X2 1000 24 86.567051 0.001662 2012043156165037312.000000
3X2 1000 24 96.018390 0.001498 2012422892856450560.000000
3X2 1000 24 103.001932 0.001397 2012761265293932800.000000
3X2 1000 24 106.162324 0.001355 2013095256867632640.000000
3X2 1000 96 67.499335 0.008525 2022211698338211584.000000
3X2 1000 96 111.096888 0.005179 2023184546206368000.000000
3X2 1000 96 110.647227 0.005201 2023581877834501376.000000
3X2 1000 96 114.974333 0.005005 2023945688241910784.000000
3X2 1000 96 123.060446 0.004676 2024302681907260672.000000
3X2 1000 192 60.475917 0.019030 2033476825941303552.000000
3X2 1000 192 99.743104 0.011538 2034521718561110528.000000
3X2 1000 192 90.695308 0.012689 2034965860842902528.000000
3X2 1000 192 67.206983 0.017124 2035372405680184576.000000
3X2 1000 192 90.381821 0.012733 2035808810586354944.000000
3X2 2000 24 70.095986 0.008213 2045183347877627392.000000
3X2 2000 24 147.395705 0.003906 2046248530179569408.000000
3X2 2000 24 152.586158 0.003773 2046718899743251200.000000
3X2 2000 24 144.049217 0.003997 2047164484783371776.000000
3X2 2000 24 147.556942 0.003902 2047595317805029632.000000
3X2 2000 96 138.470447 0.016631 2056997323056529408.000000
3X2 2000 96 177.639298 0.012964 2058106560761066752.000000
3X2 2000 96 167.702979 0.013732 2058625447320722944.000000
3X2 2000 96 160.944265 0.014308 2059124252178981888.000000
3X2 2000 96 185.029447 0.012446 2059626198873884672.000000
3X2 2000 192 107.298259 0.042924 2069102215622484992.000000
3X2 2000 192 131.095866 0.035132 2070361645012312576.000000
3X2 2000 192 123.117940 0.037409 2071028473945369856.000000
3X2 2000 192 124.381831 0.037029 2071667975212596224.000000
3X2 2000 192 75.386998 0.061094 2072306255775881984.000000
3X2 3000 24 119.221983 0.010867 2082379675592211456.000000
3X2 3000 24 188.727850 0.006865 2083570398713475072.000000
3X2 3000 24 179.638233 0.007212 2084178373972676096.000000
3X2 3000 24 187.427711 0.006912 2084755478897420544.000000
3X2 3000 24 199.328182 0.006500 2085335726695608064.000000
3X2 3000 96 163.065337 0.031780 2095182109115289600.000000
3X2 3000 96 201.638478 0.025701 2096495130630439680.000000
3X2 3000 96 202.126373 0.025639 2097209723260308480.000000
3X2 3000 96 183.620559 0.028223 2097887305133629184.000000
3X2 3000 96 186.116549 0.027844 2098581007825344256.000000
3X2 3000 192 108.618478 0.095422 2108668163032986368.000000
3X2 3000 192 131.120768 0.079046 2110397117205740800.000000
3X2 3000 192 143.832060 0.072060 2111460266771782400.000000
3X2 3000 192 93.814359 0.110479 2112443935336997888.000000
3X2 3000 192 138.380544 0.074899 2113680052446391040.000000
3X2 4000 24 148.222850 0.015540 2124472426959573504.000000
3X2 4000 24 208.245548 0.011061 2125931959392196608.000000
3X2 4000 24 204.546853 0.011261 2126800031630394368.000000
3X2 4000 24 204.677754 0.011254 2127632169463988992.000000
3X2 4000 24 204.886575 0.011242 2128469226580543744.000000
3X2 4000 96 174.923692 0.052673 2139002078578689792.000000
3X2 4000 96 174.726746 0.052732 2140703758724006400.000000
3X2 4000 96 188.914518 0.048772 2141854660317661696.000000
3X2 4000 96 196.853526 0.046805 2142925812827303936.000000
3X2 4000 96 206.772598 0.044560 2143993183583525376.000000
3X2 4000 192 167.086849 0.110286 2154864219315183360.000000
3X2 4000 192 201.463900 0.091467 2156925582648915712.000000
3X2 4000 192 199.818082 0.092221 2158311260890031872.000000
3X2 4000 192 197.705154 0.093206 2159667237257431552.000000
3X2 4000 192 198.325920 0.092915 2161031700862802944.000000
3X3 1000 24 25.701110 0.005597 2172901301914129920.000000
3X3 1000 24 86.287179 0.001667 2173855679005610752.000000
3X3 1000 24 86.201194 0.001669 2174229849290902016.000000
3X3 1000 24 85.099284 0.001690 2174566142694888192.000000
3X3 1000 24 84.073807 0.001711 2174900478402970368.000000
3X3 1000 96 57.040003 0.010088 2183996152104986880.000000
3X3 1000 96 141.136511 0.004077 2184991947453597440.000000
3X3 1000 96 119.955697 0.004797 2185385835645103104.000000
3X3 1000 96 147.194293 0.003909 2185745201732734464.000000
3X3 1000 96 134.074182 0.004292 2186094214368084224.000000
3X3 1000 192 66.539210 0.017296 2195245198627335680.000000
3X3 1000 192 76.263165 0.015090 2196284387874576128.000000
3X3 1000 192 102.697573 0.011206 2196742676402061056.000000
3X3 1000 192 120.782332 0.009528 2197142339799677440.000000
3X3 1000 192 108.896227 0.010568 2197534236138483456.000000
3X3 2000 24 74.080146 0.007771 2206904954895547392.000000
3X3 2000 24 151.592398 0.003798 2207950835489655552.000000
3X3 2000 24 167.458615 0.003438 2208420754845357568.000000
3X3 2000 24 159.695229 0.003605 2208855482170820608.000000
3X3 2000 24 172.496427 0.003338 2209291515339419136.000000
3X3 2000 96 140.397101 0.016402 2218678256098882816.000000
3X3 2000 96 184.116295 0.012508 2219781161925336064.000000
3X3 2000 96 193.669344 0.011891 2220309180177335808.000000
3X3 2000 96 184.825863 0.012460 2220788287097384448.000000
3X3 2000 96 182.936978 0.012588 2221273932429894656.000000
3X3 2000 192 114.609583 0.040186 2230760585632365312.000000
3X3 2000 192 146.723682 0.031390 2232030954535246848.000000
3X3 2000 192 101.847725 0.045221 2232669504704919296.000000
3X3 2000 192 100.681391 0.045745 2233361476785520384.000000
3X3 2000 192 141.808617 0.032478 2234063414145623552.000000
3X3 3000 24 115.828277 0.011185 2244020670415760896.000000
3X3 3000 24 198.177141 0.006537 2245202625889463040.000000
3X3 3000 24 191.609271 0.006762 2245802824182653440.000000
3X3 3000 24 179.974695 0.007199 2246371733639008256.000000
3X3 3000 24 192.917852 0.006716 2246949428560522752.000000
3X3 3000 96 177.061279 0.029268 2256783700971209216.000000
3X3 3000 96 206.736801 0.025067 2258091684534610688.000000
3X3 3000 96 199.661233 0.025955 2258812045951393792.000000
3X3 3000 96 198.484200 0.026109 2259501030608143360.000000
3X3 3000 96 209.582760 0.024727 2260192171015185920.000000
3X3 3000 192 145.332175 0.071316 2270231429598023168.000000
3X3 3000 192 115.693900 0.089586 2271800842300353536.000000
3X3 3000 192 124.698095 0.083117 2272936916656349184.000000
3X3 3000 192 161.166075 0.064310 2273997938260897792.000000
3X3 3000 192 160.880883 0.064424 2274936364466777088.000000
3X3 4000 24 144.695990 0.015919 2285664080423190528.000000
3X3 4000 24 194.000532 0.011873 2287132092490591744.000000
3X3 4000 24 208.589177 0.011043 2288020909860549120.000000
3X3 4000 24 208.271570 0.011060 2288856164257186048.000000
3X3 4000 24 202.182733 0.011393 2289698506698269440.000000
3X3 4000 96 186.093227 0.049511 2300289457522321664.000000
3X3 4000 96 205.890021 0.044751 2301961924651497728.000000
3X3 4000 96 213.313651 0.043193 2303048165288386048.000000
3X3 4000 96 190.139193 0.048458 2304089377946723328.000000
3X3 4000 96 203.854567 0.045197 2305166257835281152.000000
3X3 4000 192 183.113071 0.100634 2316015112211238400.000000
3X3 4000 192 202.795969 0.090867 2318026845467452416.000000
3X3 4000 192 176.100538 0.104641 2319408000335994368.000000
3X3 4000 192 176.002753 0.104699 2320926116752888320.000000
3X3 4000 192 210.972549 0.087345 2322353617756713472.000000
4X1 1000 24 24.746784 0.005813 2334217101425938944.000000
4X1 1000 24 77.648690 0.001853 2335190711092459520.000000
4X1 1000 24 92.088939 0.001562 2335570861991852032.000000
4X1 1000 24 74.227570 0.001938 2335913102473938432.000000
4X1 1000 24 74.810758 0.001923 2336254723826457600.000000
4X1 1000 96 54.554380 0.010548 2345352690744360448.000000
4X1 1000 96 106.038038 0.005427 2346349161113736704.000000
4X1 1000 96 78.681681 0.007313 2346758084190890496.000000
4X1 1000 96 97.188196 0.005921 2347133334789727744.000000
4X1 1000 96 99.730182 0.005770 2347495622950814208.000000
4X1 1000 192 45.163036 0.025482 2356633178724335104.000000
4X1 1000 192 49.550612 0.023226 2357712157703986688.000000
4X1 1000 192 52.751709 0.021816 2358227629492613120.000000
4X1 1000 192 51.024826 0.022555 2358692125104587776.000000
4X1 1000 192 59.838312 0.019233 2359162731980257280.000000
4X1 2000 24 68.811537 0.008367 2368560268649578496.000000
4X1 2000 24 131.232592 0.004387 2369603921915799040.000000
4X1 2000 24 131.020723 0.004394 2370076597981764608.000000
4X1 2000 24 132.485158 0.004345 2370510116507288064.000000
4X1 2000 24 125.781145 0.004577 2370942804434454016.000000
4X1 2000 96 93.527457 0.024622 2380322002839093760.000000
4X1 2000 96 119.501523 0.019270 2381477594160514560.000000
4X1 2000 96 128.822305 0.017876 2382044264346579968.000000
4X1 2000 96 121.097828 0.019016 2382562002163894784.000000
4X1 2000 96 126.419187 0.018216 2383089373817525760.000000
4X1 2000 192 54.461103 0.084569 2392608600112763904.000000
4X1 2000 192 55.971854 0.082286 2394142418839273472.000000
4X1 2000 192 64.573894 0.071324 2395104969767145472.000000
4X1 2000 192 62.924812 0.073194 2395962700636258304.000000
4X1 2000 192 51.454437 0.089510 2396831104144839680.000000
4X1 3000 24 108.376671 0.011954 2407096900700348928.000000
4X1 3000 24 160.836130 0.008055 2408299947737796608.000000
4X1 3000 24 162.699257 0.007963 2408915272276626944.000000
4X1 3000 24 154.108669 0.008407 2409494229873283072.000000
4X1 3000 24 143.456787 0.009031 2410071931373997568.000000
4X1 3000 96 118.848293 0.043604 2419934864845650432.000000
4X1 3000 96 128.785660 0.040240 2421347059514241024.000000
4X1 3000 96 141.747755 0.036560 2422173584509714432.000000
4X1 3000 96 138.826246 0.037329 2422931044331041792.000000
4X1 3000 96 137.503896 0.037688 2423696607255963648.000000
4X1 3000 192 99.308450 0.104367 2433819622244213248.000000
4X1 3000 192 110.329801 0.093941 2435606501860469760.000000
4X1 3000 192 81.895084 0.126559 2436777580713914880.000000
4X1 3000 192 82.232193 0.126040 2438110573082465280.000000
4X1 3000 192 116.106095 0.089268 2439443739723006976.000000
4X1 4000 24 131.705969 0.017489 2450345286358730240.000000
4X1 4000 24 166.073153 0.013870 2451817040179542528.000000
4X1 4000 24 163.291186 0.014106 2452698345991473664.000000
4X1 4000 24 155.983673 0.014767 2453552741462359040.000000
4X1 4000 24 163.422712 0.014095 2454419257636630528.000000
4X1 4000 96 125.296579 0.073535 2464974287758479360.000000
4X1 4000 96 131.807482 0.069903 2466804818271753728.000000
4X1 4000 96 145.908578 0.063147 2468059409780224000.000000
4X1 4000 96 165.992071 0.055507 2469233928697498112.000000
4X1 4000 96 146.708300 0.062803 2470350914945648640.000000
4X1 4000 192 134.395144 0.137114 2481405958892095488.000000
4X1 4000 192 118.021794 0.156136 2483651396283824128.000000
4X1 4000 192 120.657437 0.152725 2485448677198760448.000000
4X1 4000 192 158.785033 0.116052 2487187207236633600.000000
4X1 4000 192 115.136854 0.160048 2488702730828057600.000000
4X2 1000 24 27.032893 0.005322 2500977778079911936.000000
4X2 1000 24 125.283585 0.001148 2501938227926282240.000000
4X2 1000 24 112.338527 0.001281 2502316286307380224.000000
4X2 1000 24 93.589470 0.001537 2502650793151454208.000000
4X2 1000 24 91.008012 0.001581 2502985997153894400.000000
4X2 1000 96 67.090107 0.008577 2512097530765517824.000000
4X2 1000 96 101.940834 0.005645 2513085458524121088.000000
4X2 1000 96 116.369143 0.004945 2513486210081682944.000000
4X2 1000 96 138.589829 0.004152 2513841941692698112.000000
4X2 1000 96 129.255580 0.004452 2514194221451082752.000000
4X2 1000 192 55.803531 0.020623 2523421580042514432.000000
4X2 1000 192 112.611238 0.010220 2524456204675583488.000000
4X2 1000 192 124.311753 0.009258 2524892641216962048.000000
4X2 1000 192 116.878998 0.009846 2525283122624637440.000000
4X2 1000 192 123.517089 0.009317 2525671113446837248.000000
4X2 2000 24 72.314263 0.007961 2534997111361338368.000000
4X2 2000 24 157.395765 0.003658 2536039771008404992.000000
4X2 2000 24 176.323686 0.003265 2536509769935303168.000000
4X2 2000 24 152.603550 0.003773 2536939711008208384.000000
4X2 2000 24 158.243542 0.003638 2537367304049228288.000000
4X2 2000 96 133.276632 0.017279 2546734693628858880.000000
4X2 2000 96 191.368265 0.012034 2547848642123561984.000000
4X2 2000 96 185.152923 0.012438 2548368457617570816.000000
4X2 2000 96 185.381864 0.012422 2548860022354592768.000000
4X2 2000 96 190.010796 0.012120 2549348791827755008.000000
4X2 2000 192 79.266351 0.058104 2558799645473609216.000000
4X2 2000 192 114.083539 0.040371 2560163774109404160.000000
4X2 2000 192 150.065511 0.030691 2560856657665160704.000000
4X2 2000 192 156.577750 0.029415 2561455327670427648.000000
4X2 2000 192 150.806348 0.030540 2562041743167506944.000000
4X2 3000 24 120.265631 0.010773 2571900076031389696.000000
4X2 3000 24 200.090874 0.006475 2573093664886909952.000000
4X2 3000 24 191.852239 0.006753 2573695386911224320.000000
4X2 3000 24 194.750564 0.006652 2574270584962464768.000000
4X2 3000 24 190.622119 0.006797 2574837465868519424.000000
4X2 3000 96 169.950532 0.030493 2584695795993204224.000000
4X2 3000 96 197.632855 0.026222 2586026330134674944.000000
4X2 3000 96 208.758309 0.024824 2586749781644105216.000000
4X2 3000 96 199.259181 0.026008 2587441808188706816.000000
4X2 3000 96 203.171903 0.025507 2588136715661158400.000000
4X2 3000 192 135.169853 0.076678 2598383037190452736.000000
4X2 3000 192 161.049548 0.064356 2600093218666532864.000000
4X2 3000 192 109.494394 0.094658 2601093410507722752.000000
4X2 3000 192 153.351063 0.067587 2602259957911795712.000000
4X2 3000 192 145.074573 0.071443 2603242618489862656.000000
4X2 4000 24 141.421958 0.016288 2614288515057566720.000000
4X2 4000 24 190.232206 0.012108 2615836639133761536.000000
4X2 4000 24 200.179981 0.011507 2616762844386651648.000000
4X2 4000 24 189.482194 0.012156 2617638781213253632.000000
4X2 4000 24 188.845646 0.012197 2618523863933800960.000000
4X2 4000 96 159.399473 0.057803 2629438132168887296.000000
4X2 4000 96 188.968975 0.048758 2631303630008412160.000000
4X2 4000 96 187.545482 0.049128 2632479189162434048.000000
4X2 4000 96 109.651429 0.084027 2633615895659145728.000000
4X2 4000 96 155.978658 0.059070 2634979924934996480.000000
4X2 4000 192 191.632539 0.096160 2646164191870183936.000000
4X2 4000 192 176.314675 0.104514 2648199922379597824.000000
4X2 4000 192 172.355490 0.106915 2649702749190855168.000000
4X2 4000 192 177.166813 0.104012 2651171843280601088.000000
4X2 4000 192 176.972877 0.104126 2652632777620354560.000000
4X3 1000 24 24.009814 0.005992 2664588604228963840.000000
4X3 1000 24 111.193645 0.001294 2665557181057335296.000000
4X3 1000 24 114.370579 0.001258 2665943807118003712.000000
4X3 1000 24 116.043505 0.001240 2666284220739382784.000000
4X3 1000 24 87.253512 0.001649 2666626436178271744.000000
4X3 1000 96 66.648459 0.008634 2675776829871152640.000000
4X3 1000 96 143.030251 0.004023 2676741916517298176.000000
4X3 1000 96 136.307883 0.004222 2677139393515026432.000000
4X3 1000 96 131.267332 0.004384 2677496341593175552.000000
4X3 1000 96 145.931326 0.003943 2677850544231467008.000000
4X3 1000 192 72.584225 0.015855 2686971342348227072.000000
4X3 1000 192 121.527315 0.009470 2687995159980278272.000000
4X3 1000 192 111.355935 0.010335 2688428557148965376.000000
4X3 1000 192 110.832703 0.010384 2688821397826921984.000000
4X3 1000 192 107.208802 0.010735 2689215619701612544.000000
4X3 2000 24 73.153280 0.007870 2698550011810893312.000000
4X3 2000 24 159.298603 0.003614 2699587634031011328.000000
4X3 2000 24 159.467864 0.003610 2700047669419210240.000000
4X3 2000 24 149.601292 0.003848 2700478596149663232.000000
4X3 2000 24 153.538881 0.003750 2700906358720275968.000000
4X3 2000 96 139.947976 0.016455 2710325030031741440.000000
4X3 2000 96 192.026097 0.011992 2711422967487243776.000000
4X3 2000 96 193.300597 0.011913 2711938262277480448.000000
4X3 2000 96 190.352264 0.012098 2712414182605683200.000000
4X3 2000 96 190.954416 0.012060 2712898431298271744.000000
4X3 2000 192 130.826982 0.035204 2722409621555511808.000000
4X3 2000 192 152.026339 0.030295 2723639512169217024.000000
4X3 2000 192 149.608538 0.030785 2724285988821693440.000000
4X3 2000 192 160.559960 0.028685 2724887316394827776.000000
4X3 2000 192 160.453709 0.028704 2725475605453413376.000000
4X3 3000 24 114.285119 0.011336 2735350388914874368.000000
4X3 3000 24 196.884839 0.006580 2736545539024716288.000000
4X3 3000 24 197.444286 0.006562 2737153648018310656.000000
4X3 3000 24 193.192236 0.006706 2737728523311167488.000000
4X3 3000 24 189.262271 0.006845 2738303090188039680.000000
4X3 3000 96 177.001517 0.029278 2748169298424328192.000000
4X3 3000 96 207.596761 0.024963 2749479795363603456.000000
4X3 3000 96 213.859118 0.024232 2750195451916621824.000000
4X3 3000 96 202.573154 0.025582 2750883937360595968.000000
4X3 3000 96 197.771067 0.026203 2751569345153526272.000000
4X3 3000 192 173.951604 0.059583 2761620971684545024.000000
4X3 3000 192 198.832784 0.052127 2763108024378191872.000000
4X3 3000 192 182.611650 0.056757 2763990795220453888.000000
4X3 3000 192 144.031716 0.071960 2764877185659336704.000000
4X3 3000 192 181.872978 0.056988 2765852706909757952.000000
4X3 4000 24 150.561885 0.015299 2776506159183484928.000000
4X3 4000 24 215.089882 0.010709 2777963252486630912.000000
4X3 4000 24 209.768552 0.010981 2778834834478251520.000000
4X3 4000 24 207.203731 0.011117 2779670528945268224.000000
4X3 4000 24 205.512723 0.011208 2780511481357619200.000000
4X3 4000 96 187.069266 0.049253 2791074443799071232.000000
4X3 4000 96 211.933272 0.043475 2792751444176020992.000000
4X3 4000 96 212.416272 0.043376 2793850327660276224.000000
4X3 4000 96 208.733372 0.044141 2794901103780537856.000000
4X3 4000 96 215.929793 0.042670 2795958663330860032.000000
4X3 4000 192 208.248071 0.088488 2806795844741001216.000000
4X3 4000 192 194.893367 0.094551 2808723393246223360.000000
4X3 4000 192 222.024055 0.082997 2810129602775912448.000000
4X3 4000 192 187.755992 0.098145 2811429414710922240.000000
4X3 4000 192 198.069922 0.093035 2812818437239871488.000000
