3X1 1000 96 161.662202 0.003559 599690478154233413632.000000
3X1 1000 96 199.933845 0.002878 599690856144926932992.000000
3X1 1000 96 194.148001 0.002964 599691227236498800640.000000
3X1 1000 96 175.587464 0.003277 599691600431065464832.000000
3X1 1000 96 180.828742 0.003182 599691979194790969344.000000
3X1 1000 192 217.768717 0.005285 599692488627302957056.000000
3X1 1000 192 241.028109 0.004775 599692886102431760384.000000
3X1 1000 192 251.478588 0.004576 599693276865791393792.000000
3X1 1000 192 242.681020 0.004742 599693669828965564416.000000
3X1 1000 192 239.393628 0.004807 599694066427710275584.000000
3X1 1000 384 254.026443 0.009061 599694624584156053504.000000
3X1 1000 384 257.110112 0.008952 599695045916403957760.000000
3X1 1000 384 248.495175 0.009263 599695466015320309760.000000
3X1 1000 384 248.089181 0.009278 599695887230013145088.000000
3X1 1000 384 258.035065 0.008920 599696316962970927104.000000
3X1 2000 96 249.175546 0.009242 599697065944065769472.000000
3X1 2000 96 253.866959 0.009071 599697483012722130944.000000
3X1 2000 96 248.777233 0.009257 599697897308472344576.000000
3X1 2000 96 251.267194 0.009165 599698311968746110976.000000
3X1 2000 96 247.385442 0.009309 599698726645877440512.000000
3X1 2000 192 266.654285 0.017272 599699524494080999424.000000
3X1 2000 192 268.486041 0.017154 599699997148994732032.000000
3X1 2000 192 273.587278 0.016834 599700463249681809408.000000
3X1 2000 192 266.407191 0.017288 599700933030637338624.000000
3X1 2000 192 272.941100 0.016874 599701400096002539520.000000
3X1 2000 384 283.258502 0.032519 599702331854555054080.000000
3X1 2000 384 281.745909 0.032694 599702901340945383424.000000
3X1 2000 384 280.811732 0.032803 599703465391669248000.000000
3X1 2000 384 278.373157 0.033090 599704028382687395840.000000
3X1 2000 384 278.465474 0.033079 599704602377954787328.000000
3X1 3000 96 269.030718 0.019263 599705902147361832960.000000
3X1 3000 96 269.939215 0.019198 599706380106538811392.000000
3X1 3000 96 269.308740 0.019243 599706855325502930944.000000
3X1 3000 96 266.213761 0.019467 599707330997920858112.000000
3X1 3000 96 266.482946 0.019447 599707805161416949760.000000
3X1 3000 192 282.215823 0.036726 599709066272431931392.000000
3X1 3000 192 284.310154 0.036455 599709654516384006144.000000
3X1 3000 192 283.879814 0.036510 599710236953800998912.000000
3X1 3000 192 283.547575 0.036553 599710819327161008128.000000
3X1 3000 192 282.121474 0.036738 599711404055368171520.000000
3X1 3000 384 290.154572 0.071442 599712881094015320064.000000
3X1 3000 384 291.507941 0.071110 599713690804009172992.000000
3X1 3000 384 290.717976 0.071303 599714496530964545536.000000
3X1 3000 384 289.540818 0.071593 599715309919493160960.000000
3X1 3000 384 292.410686 0.070890 599716124051804258304.000000
3X1 4000 96 265.305286 0.034729 599718218964122075136.000000
3X1 4000 96 271.218124 0.033972 599718789828406935552.000000
3X1 4000 96 268.290744 0.034342 599719353790093852672.000000
3X1 4000 96 270.809131 0.034023 599719925890539454464.000000
3X1 4000 96 268.936432 0.034260 599720489169486872576.000000
3X1 4000 192 284.179793 0.064844 599722486870891036672.000000
3X1 4000 192 286.714914 0.064271 599723251270475186176.000000
3X1 4000 192 287.123999 0.064179 599724007915634032640.000000
3X1 4000 192 285.640404 0.064513 599724768410655391744.000000
3X1 4000 192 286.923378 0.064224 599725526460997959680.000000
3X1 4000 384 292.674824 0.125924 599727846695435894784.000000
3X1 4000 384 292.297732 0.126086 599729005209265766400.000000
3X1 4000 384 291.966263 0.126230 599730160975121743872.000000
3X1 4000 384 292.556463 0.125975 599731318121476521984.000000
3X1 4000 384 291.742977 0.126326 599732474080529481728.000000
3X1 5000 96 271.329993 0.053061 599735621241811894272.000000
3X1 5000 96 271.970086 0.052936 599736313750289383424.000000
3X1 5000 96 273.159811 0.052706 599737002849851670528.000000
3X1 5000 96 272.279639 0.052876 599737689333343584256.000000
3X1 5000 96 273.658619 0.052610 599738377671229046784.000000
3X1 5000 192 284.905059 0.101066 599741230355323420672.000000
3X1 5000 192 286.440880 0.100524 599742216270090207232.000000
3X1 5000 192 284.503057 0.101209 599743196181221867520.000000
3X1 5000 192 285.798625 0.100750 599744194297101680640.000000
3X1 5000 192 286.818350 0.100392 599745190651163836416.000000
3X1 5000 384 292.257454 0.197047 599748527061505802240.000000
3X1 5000 384 292.790098 0.196689 599750134050232205312.000000
3X1 5000 384 293.270833 0.196366 599751736149211480064.000000
3X1 5000 384 293.081929 0.196493 599753340180842807296.000000
3X1 5000 384 292.876928 0.196630 599754944570816856064.000000
3X2 1000 96 160.484434 0.003586 599759729684305674240.000000
3X2 1000 96 206.694852 0.002784 599760105010866159616.000000
3X2 1000 96 170.310400 0.003379 599760466695488143360.000000
3X2 1000 96 187.934237 0.003062 599760840824102977536.000000
3X2 1000 96 179.195838 0.003211 599761219550407294976.000000
3X2 1000 192 207.110423 0.005557 599761723301888917504.000000
3X2 1000 192 219.722960 0.005238 599762123506246877184.000000
3X2 1000 192 220.383936 0.005222 599762513870560165888.000000
3X2 1000 192 205.682300 0.005595 599762907031583588352.000000
3X2 1000 192 208.165431 0.005529 599763303314648727552.000000
3X2 1000 384 236.105699 0.009749 599763858796860801024.000000
3X2 1000 384 247.334171 0.009306 599764282583866802176.000000
3X2 1000 384 236.188268 0.009745 599764699696024780800.000000
3X2 1000 384 243.144624 0.009466 599765119122512936960.000000
3X2 1000 384 246.909099 0.009322 599765536950888824832.000000
3X2 2000 96 227.732128 0.010112 599766273174276014080.000000
3X2 2000 96 229.502998 0.010034 599766690891695259648.000000
3X2 2000 96 229.861717 0.010018 599767104581581799424.000000
3X2 2000 96 230.694074 0.009982 599767519432089272320.000000
3X2 2000 96 230.254084 0.010001 599767935207261732864.000000
3X2 2000 192 252.104908 0.018269 599768737016988041216.000000
3X2 2000 192 249.932466 0.018428 599769216798391271424.000000
3X2 2000 192 253.749037 0.018151 599769691288716443648.000000
3X2 2000 192 250.065018 0.018418 599770167665818861568.000000
3X2 2000 192 254.641558 0.018087 599770643207830110208.000000
3X2 2000 384 258.056650 0.035695 599771583422887493632.000000
3X2 2000 384 266.023670 0.034626 599772171880797044736.000000
3X2 2000 384 264.424047 0.034836 599772750241139261440.000000
3X2 2000 384 263.265918 0.034989 599773331932886466560.000000
3X2 2000 384 264.037302 0.034887 599773907045510283264.000000
3X2 3000 96 240.515074 0.021547 599775186033817550848.000000
3X2 3000 96 243.756639 0.021260 599775680254336827392.000000
3X2 3000 96 242.207097 0.021396 599776164871349338112.000000
3X2 3000 96 245.098187 0.021144 599776652464797122560.000000
3X2 3000 96 248.553089 0.020850 599777138026225598464.000000
3X2 3000 192 258.127501 0.040153 599778407963417640960.000000
3X2 3000 192 260.760557 0.039747 599779018261939486720.000000
3X2 3000 192 259.831606 0.039889 599779623814140002304.000000
3X2 3000 192 257.829070 0.040199 599780231930679132160.000000
3X2 3000 192 259.336058 0.039966 599780843740830760960.000000
3X2 3000 384 270.057470 0.076758 599782353961721659392.000000
3X2 3000 384 270.971949 0.076499 599783196822383624192.000000
3X2 3000 384 273.026358 0.075923 599784034725900058624.000000
3X2 3000 384 273.023492 0.075924 599784872624738009088.000000
3X2 3000 384 270.551906 0.076618 599785709968613179392.000000
3X2 4000 96 245.902915 0.037469 599787824118702538752.000000
3X2 4000 96 250.708600 0.036751 599788407408593469440.000000
3X2 4000 96 249.455614 0.036935 599788984702023761920.000000
3X2 4000 96 248.152998 0.037129 599789568232938536960.000000
3X2 4000 96 248.665900 0.037053 599790149595456733184.000000
3X2 4000 192 264.201799 0.069747 599792127472676241408.000000
3X2 4000 192 265.589580 0.069383 599792929335183409152.000000
3X2 4000 192 265.112551 0.069508 599793721923687677952.000000
3X2 4000 192 264.965787 0.069546 599794522034905153536.000000
3X2 4000 192 265.191256 0.069487 599795326398397939712.000000
3X2 4000 384 274.371362 0.134324 599797690279290732544.000000
3X2 4000 384 275.376155 0.133834 599798899993950420992.000000
3X2 4000 384 275.659669 0.133697 599800101466498269184.000000
3X2 4000 384 276.703532 0.133192 599801309806181875712.000000
3X2 4000 384 275.801693 0.133628 599802513854217977856.000000
3X2 5000 96 250.813198 0.057402 599805731605570256896.000000
3X2 5000 96 249.913732 0.057608 599806439959896522752.000000
3X2 5000 96 251.802836 0.057176 599807144187880538112.000000
3X2 5000 96 253.829663 0.056720 599807850650744389632.000000
3X2 5000 96 251.304097 0.057290 599808558080659423232.000000
3X2 5000 192 266.018462 0.108242 599811399045434310656.000000
3X2 5000 192 266.540390 0.108030 599812432123987361792.000000
3X2 5000 192 265.298856 0.108535 599813461198201421824.000000
3X2 5000 192 266.164501 0.108182 599814499422027907072.000000
3X2 5000 192 266.398604 0.108087 599815535473925029888.000000
3X2 5000 384 275.388521 0.209117 599818905019599552512.000000
3X2 5000 384 275.815973 0.208793 599820581955900669952.000000
3X2 5000 384 275.971281 0.208676 599822254105153896448.000000
3X2 5000 384 275.146856 0.209301 599823929458062131200.000000
3X2 5000 384 275.170356 0.209283 599825607601741234176.000000
3X3 1000 96 153.541022 0.003748 599830536293302927360.000000
3X3 1000 96 197.955100 0.002907 599830908106641244160.000000
3X3 1000 96 166.575046 0.003454 599831271338469490688.000000
3X3 1000 96 164.800400 0.003492 599831639471603712000.000000
3X3 1000 96 160.418889 0.003587 599832009220608622592.000000
3X3 1000 192 206.953886 0.005561 599832508645306662912.000000
3X3 1000 192 216.424603 0.005318 599832907315770032128.000000
3X3 1000 192 224.125561 0.005135 599833297866259300352.000000
3X3 1000 192 209.420280 0.005495 599833689887141920768.000000
3X3 1000 192 209.237178 0.005500 599834081563058241536.000000
3X3 1000 384 218.407400 0.010539 599834641664943980544.000000
3X3 1000 384 226.330225 0.010170 599835069105351688192.000000
3X3 1000 384 227.202023 0.010131 599835490779487141888.000000
3X3 1000 384 225.510640 0.010207 599835913098595532800.000000
3X3 1000 384 221.907859 0.010372 599836334684706045952.000000
3X3 2000 96 226.516695 0.010166 599837085691285995520.000000
3X3 2000 96 231.886416 0.009931 599837509146502889472.000000
3X3 2000 96 236.245753 0.009748 599837928913176363008.000000
3X3 2000 96 239.934985 0.009598 599838346740554137600.000000
3X3 2000 96 230.692503 0.009982 599838769227623956480.000000
3X3 2000 192 251.660435 0.018301 599839578456133992448.000000
3X3 2000 192 258.131555 0.017842 599840057815098851328.000000
3X3 2000 192 258.919104 0.017788 599840523991523655680.000000
3X3 2000 192 257.616450 0.017878 599840994225183129600.000000
3X3 2000 192 259.835370 0.017725 599841460506382303232.000000
3X3 2000 384 266.585123 0.034553 599842401314623193088.000000
3X3 2000 384 270.195633 0.034092 599842978113199144960.000000
3X3 2000 384 272.662407 0.033783 599843548258745188352.000000
3X3 2000 384 269.671155 0.034158 599844116784694427648.000000
3X3 2000 384 270.053737 0.034109 599844689824083214336.000000
3X3 3000 96 249.153274 0.020800 599845960129882095616.000000
3X3 3000 96 258.571105 0.020042 599846452047348760576.000000
3X3 3000 96 256.178562 0.020229 599846930727126171648.000000
3X3 3000 96 256.226022 0.020225 599847414958449623040.000000
3X3 3000 96 256.831982 0.020178 599847898138214006784.000000
3X3 3000 192 269.545265 0.038452 599849167052697894912.000000
3X3 3000 192 275.166351 0.037666 599849770236488581120.000000
3X3 3000 192 273.003456 0.037965 599850361839697264640.000000
3X3 3000 192 271.363128 0.038194 599850959851021139968.000000
3X3 3000 192 272.540205 0.038029 599851557618114101248.000000
3X3 3000 384 283.589004 0.073096 599853077977795133440.000000
3X3 3000 384 287.597118 0.072077 599853905538611281920.000000
3X3 3000 384 287.279486 0.072157 599854719684836196352.000000
3X3 3000 384 287.611483 0.072073 599855537312263831552.000000
3X3 3000 384 286.400453 0.072378 599856354488267964416.000000
3X3 4000 96 259.211045 0.035545 599858465465109577728.000000
3X3 4000 96 262.835370 0.035055 599859043736619843584.000000
3X3 4000 96 265.941733 0.034646 599859617205576531968.000000
3X3 4000 96 263.033529 0.035029 599860189017426493440.000000
3X3 4000 96 262.004870 0.035166 599860762170844119040.000000
3X3 4000 192 284.175594 0.064845 599862738570668933120.000000
3X3 4000 192 281.032803 0.065570 599863500388569972736.000000
3X3 4000 192 283.201996 0.065068 599864267621178015744.000000
3X3 4000 192 282.085541 0.065326 599865034278246678528.000000
3X3 4000 192 281.154762 0.065542 599865803640966479872.000000
3X3 4000 384 293.153808 0.125718 599868129649420009472.000000
3X3 4000 384 293.518449 0.125562 599869275727154642944.000000
3X3 4000 384 293.682551 0.125492 599870421364191789056.000000
3X3 4000 384 295.504659 0.124718 599871579308607537152.000000
3X3 4000 384 292.502037 0.125998 599872728887468752896.000000
3X3 5000 96 255.566232 0.056334 599875889173755199488.000000
3X3 5000 96 258.812788 0.055628 599876592822974414848.000000
3X3 5000 96 259.746914 0.055427 599877284715157520384.000000
3X3 5000 96 260.385260 0.055292 599877981753586614272.000000
3X3 5000 96 259.069368 0.055572 599878676041020735488.000000
3X3 5000 192 276.031235 0.104315 599881506601295282176.000000
3X3 5000 192 276.535167 0.104125 599882528172828131328.000000
3X3 5000 192 276.367801 0.104188 599883548991528894464.000000
3X3 5000 192 276.348134 0.104196 599884561972252901376.000000
3X3 5000 192 275.488357 0.104521 599885583056412999680.000000
3X3 5000 384 283.864000 0.202873 599888954708417314816.000000
3X3 5000 384 284.075188 0.202723 599890605223144325120.000000
3X3 5000 384 284.656965 0.202308 599892247325821370368.000000
3X3 5000 384 284.224551 0.202616 599893898039907713024.000000
3X3 5000 384 283.950652 0.202812 599895546746718126080.000000
3X4 1000 96 156.926742 0.003667 599900514726905643008.000000
3X4 1000 96 244.886912 0.002350 599900894391762944000.000000
3X4 1000 96 192.627695 0.002987 599901265796921425920.000000
3X4 1000 96 192.217680 0.002994 599901635902759108608.000000
3X4 1000 96 173.106601 0.003324 599902012174855569408.000000
3X4 1000 192 219.940056 0.005233 599902518743373971456.000000
3X4 1000 192 211.524090 0.005441 599902907087463514112.000000
3X4 1000 192 241.520027 0.004765 599903288714126163968.000000
3X4 1000 192 220.847113 0.005211 599903667224321589248.000000
3X4 1000 192 212.848894 0.005407 599904052422830456832.000000
3X4 1000 384 251.587770 0.009149 599904606972645736448.000000
3X4 1000 384 252.594095 0.009112 599905029424279060480.000000
3X4 1000 384 251.490815 0.009152 599905444357371461632.000000
3X4 1000 384 249.549380 0.009223 599905856940933775360.000000
3X4 1000 384 251.394210 0.009156 599906278885119492096.000000
3X4 2000 96 231.585267 0.009944 599907025654483255296.000000
3X4 2000 96 241.003453 0.009555 599907449846679601152.000000
3X4 2000 96 252.614674 0.009116 599907865886575427584.000000
3X4 2000 96 255.711640 0.009006 599908280764110209024.000000
3X4 2000 96 236.142649 0.009752 599908696485586927616.000000
3X4 2000 192 258.637452 0.017808 599909507110749601792.000000
3X4 2000 192 260.373923 0.017689 599909982834879365120.000000
3X4 2000 192 265.835715 0.017325 599910455827892666368.000000
3X4 2000 192 267.862835 0.017194 599910927865385713664.000000
3X4 2000 192 259.918439 0.017720 599911396569055232000.000000
3X4 2000 384 275.122201 0.033481 599912346319670083584.000000
3X4 2000 384 278.839692 0.033035 599912926498981806080.000000
3X4 2000 384 275.854518 0.033392 599913494514708512768.000000
3X4 2000 384 277.167678 0.033234 599914067233299234816.000000
3X4 2000 384 277.851337 0.033152 599914636924611592192.000000
3X4 3000 96 249.209120 0.020795 599915910861719076864.000000
3X4 3000 96 253.049966 0.020479 599916405967774285824.000000
3X4 3000 96 249.995140 0.020729 599916890088658698240.000000
3X4 3000 96 255.881535 0.020253 599917387671078436864.000000
3X4 3000 96 251.836434 0.020578 599917874403240181760.000000
3X4 3000 192 269.748362 0.038423 599919156190516609024.000000
3X4 3000 192 271.412942 0.038187 599919760359120175104.000000
3X4 3000 192 271.227857 0.038213 599920354737176838144.000000
3X4 3000 192 271.055102 0.038238 599920954002951634944.000000
3X4 3000 192 270.977291 0.038249 599921551246646706176.000000
3X4 3000 384 284.561716 0.072846 599923070769552687104.000000
3X4 3000 384 285.809047 0.072528 599923894662811090944.000000
3X4 3000 384 283.825588 0.073035 599924713494968532992.000000
3X4 3000 384 285.455010 0.072618 599925533163509776384.000000
3X4 3000 384 285.702622 0.072555 599926353555878576128.000000
3X4 4000 96 255.230522 0.036100 599928468327312130048.000000
3X4 4000 96 257.025022 0.035847 599929048736114802688.000000
3X4 4000 96 257.223001 0.035820 599929624491887689728.000000
3X4 4000 96 255.865069 0.036010 599930206144357859328.000000
3X4 4000 96 256.082017 0.035979 599930783556015751168.000000
3X4 4000 192 275.120907 0.066979 599932776758232481792.000000
3X4 4000 192 274.998864 0.067009 599933549539275309056.000000
3X4 4000 192 275.438191 0.066902 599934324209278255104.000000
3X4 4000 192 275.726355 0.066832 599935100363204198400.000000
3X4 4000 192 275.464093 0.066896 599935873069604143104.000000
3X4 4000 384 286.651320 0.128570 599938219396789043200.000000
3X4 4000 384 286.681299 0.128557 599939388325882888192.000000
3X4 4000 384 286.258749 0.128746 599940556278976348160.000000
3X4 4000 384 285.435247 0.129118 599941726432210714624.000000
3X4 4000 384 287.766415 0.128072 599942896078700150784.000000
3X4 5000 96 256.812869 0.056061 599946076065669971968.000000
3X4 5000 96 253.965185 0.056689 599946773247234932736.000000
3X4 5000 96 256.694194 0.056087 599947472061613080576.000000
3X4 5000 96 255.230068 0.056408 599948172314895974400.000000
3X4 5000 96 255.812726 0.056280 599948875154579521536.000000
3X4 5000 192 274.609190 0.104855 599951704831231655936.000000
3X4 5000 192 274.495939 0.104899 599952718019424026624.000000
3X4 5000 192 273.391462 0.105322 599953726458208976896.000000
3X4 5000 192 273.403842 0.105318 599954745091764518912.000000
3X4 5000 192 276.037091 0.104313 599955764091707195392.000000
3X4 5000 384 286.892607 0.200732 599959119135584157696.000000
3X4 5000 384 286.131782 0.201266 599960742511413428224.000000
3X4 5000 384 286.645786 0.200905 599962367884637765632.000000
3X4 5000 384 287.792069 0.200104 599963993102374010880.000000
3X4 5000 384 286.412969 0.201068 599965611991285104640.000000
3X5 1000 96 147.725636 0.003895 599970584679689224192.000000
3X5 1000 96 172.097038 0.003344 599970963650972745728.000000
3X5 1000 96 164.249647 0.003503 599971340723741130752.000000
3X5 1000 96 191.665273 0.003002 599971716224029556736.000000
3X5 1000 96 162.977313 0.003531 599972093670609125376.000000
3X5 1000 192 187.724553 0.006131 599972607139223437312.000000
3X5 1000 192 212.221086 0.005423 599973003583574900736.000000
3X5 1000 192 208.425109 0.005522 599973394604995117056.000000
3X5 1000 192 204.658253 0.005623 599973786854889226240.000000
3X5 1000 192 228.014317 0.005047 599974178047580176384.000000
3X5 1000 384 232.517586 0.009899 599974736378688176128.000000
3X5 1000 384 233.485041 0.009858 599975163651908304896.000000
3X5 1000 384 236.184220 0.009745 599975581385340223488.000000
3X5 1000 384 233.681933 0.009850 599975999607367139328.000000
3X5 1000 384 235.717011 0.009765 599976418910316003328.000000
3X5 2000 96 210.575656 0.010936 599977166006732980224.000000
3X5 2000 96 219.036050 0.010514 599977591793702010880.000000
3X5 2000 96 220.155111 0.010460 599978016009397993472.000000
3X5 2000 96 219.751202 0.010479 599978437381786304512.000000
3X5 2000 96 225.677835 0.010204 599978859465637232640.000000
3X5 2000 192 240.615846 0.019141 599979673751074897920.000000
3X5 2000 192 240.216528 0.019173 599980154758109855744.000000
3X5 2000 192 244.918366 0.018805 599980632881100488704.000000
3X5 2000 192 244.085194 0.018869 599981111820020613120.000000
3X5 2000 192 240.036411 0.019187 599981588249423773696.000000
3X5 2000 384 252.775174 0.036441 599982542797645021184.000000
3X5 2000 384 256.320639 0.035937 599983133861583388672.000000
3X5 2000 384 255.713756 0.036022 599983717628152643584.000000
3X5 2000 384 251.711227 0.036595 599984301669685002240.000000
3X5 2000 384 256.500912 0.035912 599984890534295633920.000000
3X5 3000 96 240.925462 0.021510 599986184161161904128.000000
3X5 3000 96 239.782480 0.021612 599986682490749845504.000000
3X5 3000 96 242.925016 0.021333 599987175681399586816.000000
3X5 3000 96 242.946347 0.021331 599987669508499046400.000000
3X5 3000 96 241.904253 0.021423 599988161732544167936.000000
3X5 3000 192 255.734295 0.040529 599989447372787679232.000000
3X5 3000 192 259.469235 0.039945 599990063336718598144.000000
3X5 3000 192 260.709992 0.039755 599990672034563227648.000000
3X5 3000 192 261.368135 0.039655 599991283769246351360.000000
3X5 3000 192 260.682596 0.039759 599991889686412656640.000000
3X5 3000 384 275.225427 0.075317 599993429811129352192.000000
3X5 3000 384 275.380231 0.075274 599994269582159511552.000000
3X5 3000 384 273.663664 0.075747 599995105952786415616.000000
3X5 3000 384 274.904230 0.075405 599995947524616355840.000000
3X5 3000 384 273.234629 0.075866 599996785785924747264.000000
3X5 4000 96 246.773453 0.037337 599998929370784071680.000000
3X5 4000 96 248.334013 0.037102 599999521467503345664.000000
3X5 4000 96 249.470318 0.036933 600000109558859431936.000000
3X5 4000 96 250.176248 0.036829 600000701028045946880.000000
3X5 4000 96 248.963131 0.037008 600001285668925472768.000000
3X5 4000 192 267.343064 0.068928 600003286058815586304.000000
3X5 4000 192 268.667676 0.068588 600004077348734631936.000000
3X5 4000 192 268.557677 0.068616 600004864254660182016.000000
3X5 4000 192 268.419916 0.068651 600005658836553302016.000000
3X5 4000 192 267.228869 0.068957 600006451294862442496.000000
3X5 4000 384 280.972493 0.131169 600008815135717064704.000000
3X5 4000 384 282.538821 0.130441 600010005910838312960.000000
3X5 4000 384 281.925765 0.130725 600011189548865421312.000000
3X5 4000 384 281.615726 0.130869 600012379102962909184.000000
3X5 4000 384 282.201715 0.130597 600013562056452341760.000000
3X5 5000 96 248.990660 0.057822 600016765438244159488.000000
3X5 5000 96 250.212062 0.057540 600017474667220828160.000000
3X5 5000 96 250.860838 0.057391 600018179268099702784.000000
3X5 5000 96 250.942447 0.057372 600018887877229543424.000000
3X5 5000 96 249.920031 0.057607 600019595614141415424.000000
3X5 5000 192 271.422956 0.106086 600022455745991802880.000000
3X5 5000 192 272.036918 0.105847 600023482260148453376.000000
3X5 5000 192 273.988203 0.105093 600024494366094655488.000000
3X5 5000 192 269.984938 0.106651 600025509529781534720.000000
3X5 5000 192 276.030045 0.104316 600026532191183175680.000000
3X5 5000 384 286.706751 0.200862 600029900889792315392.000000
3X5 5000 384 287.005458 0.200653 600031522457864896512.000000
3X5 5000 384 287.715799 0.200158 600033142245393301504.000000
3X5 5000 384 286.532128 0.200984 600034762250752360448.000000
3X5 5000 384 287.089565 0.200594 600036387660680658944.000000
3X6 1000 96 131.437880 0.004378 600041409825485750272.000000
3X6 1000 96 173.608086 0.003315 600041792327520354304.000000
3X6 1000 96 160.885802 0.003577 600042172153645891584.000000
3X6 1000 96 147.673849 0.003897 600042555054119714816.000000
3X6 1000 96 168.441266 0.003416 600042935954318163968.000000
3X6 1000 192 183.050818 0.006287 600043446626529312768.000000
3X6 1000 192 203.778384 0.005648 600043843294925684736.000000
3X6 1000 192 194.346522 0.005922 600044232204768509952.000000
3X6 1000 192 197.947405 0.005814 600044625165951959040.000000
3X6 1000 192 193.667955 0.005942 600045016099993157632.000000
3X6 1000 384 206.624454 0.011140 600045587711350276096.000000
3X6 1000 384 224.891091 0.010235 600046021056173441024.000000
3X6 1000 384 224.304836 0.010261 600046444132542709760.000000
3X6 1000 384 221.613182 0.010386 600046865897276571648.000000
3X6 1000 384 222.086838 0.010364 600047288529678106624.000000
3X6 2000 96 197.867801 0.011638 600048047286427320320.000000
3X6 2000 96 211.597639 0.010883 600048476763967586304.000000
3X6 2000 96 207.437191 0.011101 600048897964227952640.000000
3X6 2000 96 206.323336 0.011161 600049322027170136064.000000
3X6 2000 96 205.999001 0.011179 600049745469824172032.000000
3X6 2000 192 228.793683 0.020130 600050570277994102784.000000
3X6 2000 192 231.575556 0.019889 600051059765720121344.000000
3X6 2000 192 234.614338 0.019631 600051545181458137088.000000
3X6 2000 192 231.949338 0.019856 600052029398157885440.000000
3X6 2000 192 228.698524 0.020139 600052511841749827584.000000
3X6 2000 384 245.024141 0.037594 600053467186379096064.000000
3X6 2000 384 246.418516 0.037381 600054068377524895744.000000
3X6 2000 384 243.359631 0.037851 600054661241462718464.000000
3X6 2000 384 244.433763 0.037685 600055258245484642304.000000
3X6 2000 384 246.336723 0.037393 600055856558190493696.000000
3X6 3000 96 248.976581 0.020814 600057164447661162496.000000
3X6 3000 96 246.581784 0.021016 600057657942330966016.000000
3X6 3000 96 247.707251 0.020921 600058144856776638464.000000
3X6 3000 96 246.716808 0.021005 600058632606832394240.000000
3X6 3000 96 249.361628 0.020782 600059121587403358208.000000
3X6 3000 192 267.056536 0.038810 600060401635262332928.000000
3X6 3000 192 269.686792 0.038432 600061014858162896896.000000
3X6 3000 192 268.429597 0.038612 600061618587623882752.000000
3X6 3000 192 269.006698 0.038529 600062225175798349824.000000
3X6 3000 192 268.301782 0.038630 600062832490904027136.000000
3X6 3000 384 281.828482 0.073552 600064365824069730304.000000
3X6 3000 384 281.978857 0.073513 600065195813685297152.000000
3X6 3000 384 281.449549 0.073651 600066023085656768512.000000
3X6 3000 384 283.115607 0.073218 600066852600367022080.000000
3X6 3000 384 282.699610 0.073325 600067677534143381504.000000
3X6 4000 96 239.763306 0.038428 600069784825929400320.000000
3X6 4000 96 243.659423 0.037814 600070371519263014912.000000
3X6 4000 96 243.048303 0.037909 600070953655669096448.000000
3X6 4000 96 244.087795 0.037747 600071538769860755456.000000
3X6 4000 96 243.678337 0.037811 600072120419207741440.000000
3X6 4000 192 261.098527 0.070576 600074112654199357440.000000
3X6 4000 192 265.720458 0.069349 600074904718255849472.000000
3X6 4000 192 262.124184 0.070300 600075695474267389952.000000
3X6 4000 192 261.635727 0.070431 600076496847744139264.000000
3X6 4000 192 262.583947 0.070177 600077301364696023040.000000
3X6 4000 384 276.966493 0.133066 600079699180710395904.000000
3X6 4000 384 277.567511 0.132778 600080900998966018048.000000
3X6 4000 384 277.063307 0.133019 600082095517889724416.000000
3X6 4000 384 277.769304 0.132681 600083297209829687296.000000
3X6 4000 384 277.249466 0.132930 600084495155440123904.000000
3X6 5000 96 234.345682 0.061435 600087715771944796160.000000
3X6 5000 96 232.645628 0.061884 600088453489603641344.000000
3X6 5000 96 232.391259 0.061952 600089188055013654528.000000
3X6 5000 96 231.399185 0.062218 600089930057606889472.000000
3X6 5000 96 228.311504 0.063059 600090673352859320320.000000
3X6 5000 192 256.367616 0.112316 600093587017801662464.000000
3X6 5000 192 256.946960 0.112063 600094647441082941440.000000
3X6 5000 192 256.584955 0.112221 600095699092979318784.000000
3X6 5000 192 255.705373 0.112607 600096757936036511744.000000
3X6 5000 192 256.760993 0.112144 600097817723574157312.000000
3X6 5000 384 272.469777 0.211357 600101232449591836672.000000
3X6 5000 384 272.117830 0.211631 600102926851964928000.000000
3X6 5000 384 272.584041 0.211269 600104616998843973632.000000
3X6 5000 384 272.097586 0.211646 600106311708902948864.000000
3X6 5000 384 272.240168 0.211536 600108007087307751424.000000
3X7 1000 96 141.061847 0.004079 600113189132987793408.000000
3X7 1000 96 149.995777 0.003836 600113571097948061696.000000
3X7 1000 96 167.318875 0.003439 600113955310248656896.000000
3X7 1000 96 145.752384 0.003948 600114333938549915648.000000
3X7 1000 96 162.476772 0.003542 600114715007631491072.000000
3X7 1000 192 196.316339 0.005862 600115228424527413248.000000
3X7 1000 192 218.000259 0.005279 600115629038222704640.000000
3X7 1000 192 214.503348 0.005365 600116020850446827520.000000
3X7 1000 192 195.782616 0.005878 600116412972820463616.000000
3X7 1000 192 194.929107 0.005904 600116808618643030016.000000
3X7 1000 384 218.952635 0.010512 600117375062288891904.000000
3X7 1000 384 220.358027 0.010445 600117806211054698496.000000
3X7 1000 384 221.108125 0.010410 600118236081036328960.000000
3X7 1000 384 222.635891 0.010338 600118665051549335552.000000
3X7 1000 384 220.540345 0.010437 600119093168500637696.000000
3X7 2000 96 211.291123 0.010899 600119855590900891648.000000
3X7 2000 96 213.989142 0.010762 600120284413618814976.000000
3X7 2000 96 212.313992 0.010846 600120705606210813952.000000
3X7 2000 96 221.206040 0.010410 600121127596763643904.000000
3X7 2000 96 214.822139 0.010720 600121545586829295616.000000
3X7 2000 192 231.514478 0.019894 600122364342255091712.000000
3X7 2000 192 236.738517 0.019455 600122850891966316544.000000
3X7 2000 192 237.588263 0.019385 600123333619431243776.000000
3X7 2000 192 237.938582 0.019357 600123812219702083584.000000
3X7 2000 192 240.610001 0.019142 600124293924784832512.000000
3X7 2000 384 250.630931 0.036753 600125247776730513408.000000
3X7 2000 384 251.856918 0.036574 600125839676150513664.000000
3X7 2000 384 254.066470 0.036256 600126423677491085312.000000
3X7 2000 384 254.821893 0.036148 600127009910773776384.000000
3X7 2000 384 252.229885 0.036520 600127592497758863360.000000
3X7 3000 96 238.676342 0.021713 600128891897623609344.000000
3X7 3000 96 238.871982 0.021695 600129386262354067456.000000
3X7 3000 96 239.480797 0.021640 600129875024748740608.000000
3X7 3000 96 243.240560 0.021305 600130367289812058112.000000
3X7 3000 96 242.422156 0.021377 600130854523938144256.000000
3X7 3000 192 262.356789 0.039506 600132142161121902592.000000
3X7 3000 192 263.208051 0.039378 600132752741001723904.000000
3X7 3000 192 261.003310 0.039710 600133358513688150016.000000
3X7 3000 192 260.519290 0.039784 600133970333254549504.000000
3X7 3000 192 262.907987 0.039423 600134579969607991296.000000
3X7 3000 384 276.574878 0.074949 600136121157172330496.000000
3X7 3000 384 277.003604 0.074833 600136956241022025728.000000
3X7 3000 384 276.214050 0.075047 600137790211821797376.000000
3X7 3000 384 276.634543 0.074933 600138628102576537600.000000
3X7 3000 384 276.537816 0.074959 600139464898754248704.000000
3X7 4000 96 245.825806 0.037481 600141604075195990016.000000
3X7 4000 96 243.892952 0.037778 600142196953950322688.000000
3X7 4000 96 245.445274 0.037539 600142789848147820544.000000
3X7 4000 96 247.636597 0.037207 600143384746159767552.000000
3X7 4000 96 246.582991 0.037365 600143972540703047680.000000
3X7 4000 192 271.021349 0.067992 600145984143168897024.000000
3X7 4000 192 267.780847 0.068815 600146782455704977408.000000
3X7 4000 192 267.519933 0.068882 600147578531364339712.000000
3X7 4000 192 266.424569 0.069166 600148379838620368896.000000
3X7 4000 192 266.420971 0.069166 600149181755265122304.000000
3X7 4000 384 285.590604 0.129048 600151557567940001792.000000
3X7 4000 384 286.188170 0.128778 600152726403299016704.000000
3X7 4000 384 285.854275 0.128929 600153892504456527872.000000
3X7 4000 384 286.074838 0.128829 600155065568833437696.000000
3X7 4000 384 286.802933 0.128502 600156235072006782976.000000
3X7 5000 96 222.637641 0.064666 600159419680122732544.000000
3X7 5000 96 219.543533 0.065578 600160172604533243904.000000
3X7 5000 96 222.740476 0.064636 600160928655681126400.000000
3X7 5000 96 222.216378 0.064789 600161685303017472000.000000
3X7 5000 96 219.775365 0.065508 600162442694333169664.000000
3X7 5000 192 250.217126 0.115077 600165345371211956224.000000
3X7 5000 192 251.559571 0.114463 600166423473199775744.000000
3X7 5000 192 250.167033 0.115100 600167494389600616448.000000
3X7 5000 192 249.631659 0.115347 600168574505591504896.000000
3X7 5000 192 250.074045 0.115143 600169656860122939392.000000
3X7 5000 384 267.997705 0.214884 600173100294977880064.000000
3X7 5000 384 268.099925 0.214802 600174824753880498176.000000
3X7 5000 384 267.289107 0.215454 600176542620706537472.000000
3X7 5000 384 268.387511 0.214572 600178267043314794496.000000
3X7 5000 384 268.404193 0.214559 600179990940969467904.000000
