3X3 960 96 214.783149 0.002469 3944236902840873779200.000000
3X3 960 96 210.023205 0.002525 3944237272858461995008.000000
3X3 960 96 205.550900 0.002580 3944237632533668298752.000000
3X3 960 96 205.232849 0.002584 3944238000708231626752.000000
3X3 960 96 176.612524 0.003003 3944238361773876445184.000000
3X3 960 192 217.981468 0.004865 3944238838938197819392.000000
3X3 960 192 300.100303 0.003534 3944239215092446003200.000000
3X3 960 192 274.240323 0.003867 3944239578512887906304.000000
3X3 960 192 310.986990 0.003410 3944239954570309533696.000000
3X3 960 192 254.702902 0.004164 3944240316063525371904.000000
3X3 960 384 314.855380 0.006737 3944240864322142076928.000000
3X3 960 384 328.151398 0.006464 3944241263177712009216.000000
3X3 960 384 323.579699 0.006555 3944241645973916876800.000000
3X3 960 384 311.117719 0.006818 3944242029106000035840.000000
3X3 960 384 305.396010 0.006946 3944242420557698564096.000000
3X3 960 768 351.036850 0.012085 3944243046705301291008.000000
3X3 960 768 342.429448 0.012389 3944243472281058148352.000000
3X3 960 768 306.760039 0.013829 3944243907171042459648.000000
3X3 960 768 345.036791 0.012295 3944244338747203649536.000000
3X3 960 768 333.761148 0.012711 3944244759790267400192.000000
3X3 1920 96 286.507153 0.007407 3944245526803886112768.000000
3X3 1920 96 309.090542 0.006866 3944245920722606096384.000000
3X3 1920 96 277.757191 0.007641 3944246304851599818752.000000
3X3 1920 96 303.135291 0.007001 3944246703418672939008.000000
3X3 1920 96 289.849002 0.007322 3944247087478290776064.000000
3X3 1920 192 316.771891 0.013399 3944247874595794190336.000000
3X3 1920 192 325.537396 0.013039 3944248313371706785792.000000
3X3 1920 192 332.181039 0.012778 3944248735849600516096.000000
3X3 1920 192 328.508064 0.012921 3944249166659154608128.000000
3X3 1920 192 319.890268 0.013269 3944249593864470921216.000000
3X3 1920 384 347.280315 0.024444 3944250502685659234304.000000
3X3 1920 384 337.785721 0.025131 3944251012916238090240.000000
3X3 1920 384 346.617407 0.024491 3944251514078869585920.000000
3X3 1920 384 349.008700 0.024323 3944252008883689619456.000000
3X3 1920 384 351.748306 0.024134 3944252501336318279680.000000
3X3 1920 768 356.078163 0.047681 3944253620572576022528.000000
3X3 1920 768 368.352938 0.046092 3944254273090730590208.000000
3X3 1920 768 362.984229 0.046774 3944254906059936759808.000000
3X3 1920 768 366.761946 0.046292 3944255543197855907840.000000
3X3 1920 768 366.085754 0.046377 3944256177005919731712.000000
3X3 2880 96 302.424136 0.015792 3944257523676662988800.000000
3X3 2880 96 308.995827 0.015456 3944257973460485013504.000000
3X3 2880 96 323.036532 0.014784 3944258412056330371072.000000
3X3 2880 96 309.391368 0.015436 3944258844332880560128.000000
3X3 2880 96 318.058138 0.015016 3944259279368256225280.000000
3X3 2880 192 338.197225 0.028243 3944260516086417981440.000000
3X3 2880 192 339.229384 0.028157 3944261041647456878592.000000
3X3 2880 192 340.370527 0.028063 3944261565284274405376.000000
3X3 2880 192 346.626457 0.027557 3944262087382718742528.000000
3X3 2880 192 346.732239 0.027548 3944262603510116777984.000000
3X3 2880 384 359.597221 0.053125 3944264036002516959232.000000
3X3 2880 384 359.875427 0.053084 3944264721772301516800.000000
3X3 2880 384 358.244185 0.053326 3944265402270003232768.000000
3X3 2880 384 351.917346 0.054285 3944266084548075323392.000000
3X3 2880 384 355.306576 0.053767 3944266774917230886912.000000
3X3 2880 768 358.657545 0.106529 3944268584614797770752.000000
3X3 2880 768 361.040393 0.105826 3944269618074214203392.000000
3X3 2880 768 362.747871 0.105327 3944270644180133871616.000000
3X3 2880 768 364.981825 0.104683 3944271660198554238976.000000
3X3 2880 768 365.585441 0.104510 3944272673866982621184.000000
3X3 3840 96 275.187937 0.030856 3944275248927097225216.000000
3X3 3840 96 300.326238 0.028273 3944275780964555685888.000000
3X3 3840 96 295.932215 0.028693 3944276291482758414336.000000
3X3 3840 96 309.848297 0.027405 3944276805727852429312.000000
3X3 3840 96 308.554284 0.027519 3944277311109183045632.000000
3X3 3840 192 330.946825 0.051315 3944279457930298261504.000000
3X3 3840 192 339.079717 0.050084 3944280142913131249664.000000
3X3 3840 192 336.715860 0.050436 3944280812440194646016.000000
3X3 3840 192 320.025255 0.053066 3944281465190293700608.000000
3X3 3840 192 328.043733 0.051769 3944282134677601386496.000000
3X3 3840 384 352.643739 0.096315 3944284606583794565120.000000
3X3 3840 384 334.972662 0.101396 3944285562108809052160.000000
3X3 3840 384 348.670858 0.097413 3944286560672631750656.000000
3X3 3840 384 352.479469 0.096360 3944287529647782494208.000000
3X3 3840 384 353.360973 0.096120 3944288480771888381952.000000
3X3 3840 768 354.437405 0.191656 3944291529802731487232.000000
3X3 3840 768 359.260201 0.189083 3944293094811951955968.000000
3X3 3840 768 356.007725 0.190811 3944294634973136683008.000000
3X3 3840 768 356.979581 0.190291 3944296200225487847424.000000
3X3 3840 768 353.994343 0.191896 3944297746953057337344.000000
3X3 4800 96 324.245512 0.040920 3944301241013099298816.000000
3X3 4800 96 317.264295 0.041821 3944301846368660488192.000000
3X3 4800 96 319.906289 0.041476 3944302438690050801664.000000
3X3 4800 96 315.334223 0.042077 3944303028960145440768.000000
3X3 4800 96 314.383798 0.042204 3944303622771188957184.000000
3X3 4800 192 340.027680 0.078042 3944306287880080195584.000000
3X3 4800 192 338.294083 0.078442 3944307121626739638272.000000
3X3 4800 192 339.559447 0.078150 3944307960938479222784.000000
3X3 4800 192 343.296643 0.077299 3944308786323898499072.000000
3X3 4800 192 336.236047 0.078922 3944309605729558331392.000000
3X3 4800 384 353.572518 0.150105 3944312690600233140224.000000
3X3 4800 384 346.687401 0.153086 3944313993835790204928.000000
3X3 4800 384 350.452374 0.151442 3944315318499333373952.000000
3X3 4800 384 351.706764 0.150902 3944316628610851536896.000000
3X3 4800 384 348.104248 0.152463 3944317921822358634496.000000
3X3 4800 768 358.450631 0.296125 3944321862204125609984.000000
3X3 4800 768 355.622096 0.298480 3944324110350119600128.000000
3X3 4800 768 357.920044 0.296564 3944326357740862046208.000000
3X3 4800 768 358.209853 0.296324 3944328583315240517632.000000
3X3 4800 768 360.749592 0.294238 3944330818215725760512.000000
3X6 1152 96 242.003522 0.003156 3944336494503190855680.000000
3X6 1152 96 234.759316 0.003253 3944336895827068321792.000000
3X6 1152 96 213.728568 0.003573 3944337262442844782592.000000
3X6 1152 96 209.552760 0.003645 3944337631100963651584.000000
3X6 1152 96 253.511108 0.003013 3944337999396970954752.000000
3X6 1152 192 309.238091 0.004940 3944338540767791808512.000000
3X6 1152 192 295.521929 0.005169 3944338921907696959488.000000
3X6 1152 192 291.777233 0.005235 3944339303534685585408.000000
3X6 1152 192 288.265666 0.005299 3944339687331281240064.000000
3X6 1152 192 300.927648 0.005076 3944340063993711820800.000000
3X6 1152 384 300.665275 0.010161 3944340673933106216960.000000
3X6 1152 384 329.057523 0.009284 3944341102752522305536.000000
3X6 1152 384 326.158480 0.009367 3944341510064852434944.000000
3X6 1152 384 316.130722 0.009664 3944341919577582600192.000000
3X6 1152 384 339.773746 0.008991 3944342327038104305664.000000
3X6 1152 768 340.835856 0.017926 3944343074061811712000.000000
3X6 1152 768 337.483085 0.018105 3944343550569332867072.000000
3X6 1152 768 332.870155 0.018355 3944344019741155262464.000000
3X6 1152 768 348.833715 0.017515 3944344479749191499776.000000
3X6 1152 768 352.624482 0.017327 3944344934823377764352.000000
3X6 1536 96 259.303666 0.005237 3944345607285922856960.000000
3X6 1536 96 257.281811 0.005279 3944345987265704493056.000000
3X6 1536 96 227.197975 0.005977 3944346382217306963968.000000
3X6 1536 96 281.621426 0.004822 3944346759445230911488.000000
3X6 1536 96 202.167210 0.006718 3944347130165089796096.000000
3X6 1536 192 264.290412 0.010277 3944347772678395396096.000000
3X6 1536 192 312.495810 0.008692 3944348189704757182464.000000
3X6 1536 192 297.326934 0.009135 3944348588985510526976.000000
3X6 1536 192 313.608226 0.008661 3944348986609321377792.000000
3X6 1536 192 298.250331 0.009107 3944349380938853515264.000000
3X6 1536 384 336.475408 0.016145 3944350099884948324352.000000
3X6 1536 384 351.279712 0.015464 3944350547584370081792.000000
3X6 1536 384 337.808740 0.016081 3944350986924162285568.000000
3X6 1536 384 332.451007 0.016340 3944351429787980398592.000000
3X6 1536 384 330.651234 0.016429 3944351883213871775744.000000
3X6 1536 768 354.835894 0.030619 3944352771585628700672.000000
3X6 1536 768 354.345527 0.030661 3944353327845913657344.000000
3X6 1536 768 359.539486 0.030218 3944353862663109869568.000000
3X6 1536 768 352.521049 0.030820 3944354394254897840128.000000
3X6 1536 768 344.484661 0.031539 3944354930306401697792.000000
3X6 2304 96 273.994508 0.011155 3944356028603180253184.000000
3X6 2304 96 266.553543 0.011466 3944356443335588577280.000000
3X6 2304 96 294.332990 0.010384 3944356858377781903360.000000
3X6 2304 96 270.000444 0.011320 3944357269209697222656.000000
3X6 2304 96 264.460085 0.011557 3944357680517727911936.000000
3X6 2304 192 321.334613 0.019023 3944358712368998383616.000000
3X6 2304 192 317.061812 0.019279 3944359192325058461696.000000
3X6 2304 192 316.413919 0.019318 3944359652462786248704.000000
3X6 2304 192 314.362075 0.019445 3944360113501305307136.000000
3X6 2304 192 326.176907 0.018740 3944360574237872226304.000000
3X6 2304 384 346.784795 0.035253 3944361760877805830144.000000
3X6 2304 384 344.411086 0.035496 3944362334065719246848.000000
3X6 2304 384 347.983555 0.035132 3944362898073280577536.000000
3X6 2304 384 336.152718 0.036368 3944363459355059159040.000000
3X6 2304 384 342.231704 0.035722 3944364029101795180544.000000
3X6 2304 768 359.154888 0.068078 3944365504605945593856.000000
3X6 2304 768 362.462211 0.067457 3944366284036869455872.000000
3X6 2304 768 361.871731 0.067567 3944367052417809776640.000000
3X6 2304 768 363.090269 0.067340 3944367820962570174464.000000
3X6 2304 768 352.849661 0.069295 3944368587554270216192.000000
3X6 2688 96 281.826676 0.014762 3944370052144539631616.000000
3X6 2688 96 289.084911 0.014391 3944370489028702633984.000000
3X6 2688 96 282.451018 0.014729 3944370916114192924672.000000
3X6 2688 96 266.046763 0.015637 3944371346142875615232.000000
3X6 2688 96 280.990712 0.014806 3944371792747045060608.000000
3X6 2688 192 322.216364 0.025823 3944372973343069437952.000000
3X6 2688 192 323.728173 0.025702 3944373484416458031104.000000
3X6 2688 192 323.430730 0.025726 3944373983300009590784.000000
3X6 2688 192 322.672944 0.025786 3944374482629738627072.000000
3X6 2688 192 320.334984 0.025974 3944374981243524612096.000000
3X6 2688 384 333.901522 0.049838 3944376334510281195520.000000
3X6 2688 384 340.398289 0.048887 3944377002153003188224.000000
3X6 2688 384 334.157400 0.049800 3944377655508216578048.000000
3X6 2688 384 340.733141 0.048839 3944378311618604826624.000000
3X6 2688 384 347.825326 0.047843 3944378961399594876928.000000
3X6 2688 768 359.801558 0.092501 3944380684111171289088.000000
3X6 2688 768 358.055134 0.092952 3944381625388396183552.000000
3X6 2688 768 354.808061 0.093803 3944382557661117808640.000000
3X6 2688 768 363.463518 0.091569 3944383496665679003648.000000
3X6 2688 768 361.996926 0.091940 3944384428227461906432.000000
3X6 3072 96 290.352446 0.018715 3944386117317893816320.000000
3X6 3072 96 281.988945 0.019270 3944386578859412160512.000000
3X6 3072 96 288.594849 0.018829 3944387041794218524672.000000
3X6 3072 96 288.425265 0.018840 3944387495809415905280.000000
3X6 3072 96 267.412974 0.020321 3944387948707632906240.000000
3X6 3072 192 325.431695 0.033396 3944389235350108635136.000000
3X6 3072 192 322.416129 0.033708 3944389788964020027392.000000
3X6 3072 192 310.287596 0.035026 3944390339035320549376.000000
3X6 3072 192 326.089587 0.033329 3944390895725474480128.000000
3X6 3072 192 318.454882 0.034128 3944391445362985926656.000000
3X6 3072 384 353.181883 0.061544 3944392954377093513216.000000
3X6 3072 384 350.482016 0.062018 3944393690047396708352.000000
3X6 3072 384 349.645282 0.062166 3944394419890554404864.000000
3X6 3072 384 350.281245 0.062054 3944395150999828299776.000000
3X6 3072 384 348.195469 0.062425 3944395879956482097152.000000
3X6 3072 768 361.756273 0.120170 3944397814993142677504.000000
3X6 3072 768 362.455502 0.119939 3944398924906865623040.000000
3X6 3072 768 360.871664 0.120465 3944400027137261699072.000000
3X6 3072 768 362.271416 0.119999 3944401130378748231680.000000
3X6 3072 768 363.658135 0.119542 3944402231203052650496.000000
3X6 3840 96 263.233800 0.032257 3944404925575608664064.000000
3X6 3840 96 265.040713 0.032038 3944405463088196747264.000000
3X6 3840 96 277.566361 0.030592 3944405993339389739008.000000
3X6 3840 96 266.988419 0.031804 3944406514158953037824.000000
3X6 3840 96 272.498358 0.031161 3944407041355259314176.000000
3X6 3840 192 315.929647 0.053754 3944409263015156776960.000000
3X6 3840 192 319.647577 0.053129 3944409958764125356032.000000
3X6 3840 192 314.946438 0.053922 3944410650021266456576.000000
3X6 3840 192 317.453651 0.053496 3944411322413958561792.000000
3X6 3840 192 319.877414 0.053091 3944411992153488097280.000000
3X6 3840 384 351.052994 0.096752 3944414471653057101824.000000
3X6 3840 384 345.337524 0.098353 3944415426905783664640.000000
3X6 3840 384 345.080594 0.098426 3944416394319956541440.000000
3X6 3840 384 342.945434 0.099039 3944417371820323766272.000000
3X6 3840 384 342.276072 0.099233 3944418344295527350272.000000
3X6 3840 768 360.340942 0.188516 3944421425097381773312.000000
3X6 3840 768 361.757901 0.187778 3944422966760383709184.000000
3X6 3840 768 356.110423 0.190756 3944424497253721833472.000000
3X6 3840 768 356.050745 0.190787 3944426047212896124928.000000
3X6 3840 768 361.689391 0.187813 3944427600020561199104.000000
3X6 4608 96 261.213661 0.046812 3944430852636035514368.000000
3X6 4608 96 268.645662 0.045517 3944431484864304775168.000000
3X6 4608 96 266.891198 0.045816 3944432101860727324672.000000
3X6 4608 96 261.548312 0.046752 3944432713256810840064.000000
3X6 4608 96 257.653218 0.047459 3944433326679456743424.000000
3X6 4608 192 309.430412 0.079035 3944435848246484533248.000000
3X6 4608 192 316.860593 0.077182 3944436692577176518656.000000
3X6 4608 192 314.020229 0.077880 3944437515808340443136.000000
3X6 4608 192 314.818429 0.077682 3944438342593157267456.000000
3X6 4608 192 317.487746 0.077029 3944439172768744865792.000000
3X6 4608 384 346.708373 0.141075 3944442007507912097792.000000
3X6 4608 384 337.647038 0.144861 3944443267707520942080.000000
3X6 4608 384 344.743213 0.141879 3944444519733769797632.000000
3X6 4608 384 338.854223 0.144345 3944445761099199938560.000000
3X6 4608 384 337.516146 0.144917 3944447016967968129024.000000
3X6 4608 768 361.150798 0.270866 3944450680644149182464.000000
3X6 4608 768 362.336470 0.269980 3944452758226676482048.000000
3X6 4608 768 360.477185 0.271372 3944454812801388511232.000000
3X6 4608 768 361.932827 0.270281 3944456899133189914624.000000
3X6 4608 768 362.560423 0.269813 3944458953401092800512.000000
