2X3 1000 96 43.735165 0.013157 15498765433349439750144.000000
2X3 1000 192 100.692913 0.011429 15498766382491955625984.000000
2X3 1000 384 114.104149 0.020172 15498767708210105155584.000000
2X3 2000 96 114.000847 0.020200 15498769443504944840704.000000
2X3 2000 192 95.258526 0.048349 15498770906098650054656.000000
2X3 2000 384 129.883881 0.070920 15498772674219859771392.000000
2X3 3000 96 107.608924 0.048158 15498774998454716334080.000000
2X3 3000 192 135.093907 0.076721 15498777293000219295744.000000
2X3 3000 384 154.471493 0.134194 15498779975086833139712.000000
2X3 4000 96 113.078209 0.081481 15498784266381732872192.000000
2X3 4000 192 133.161079 0.138384 15498788428182091464704.000000
2X3 4000 384 158.966558 0.231840 15498793263748054253568.000000
2X3 5000 96 126.361355 0.113936 15498798930851778265088.000000
2X3 5000 192 130.546216 0.220567 15498804079756683771904.000000
2X3 5000 384 160.378412 0.359079 15498810168657227808768.000000
2X4 1000 96 78.053269 0.007372 15498818477210256539648.000000
2X4 1000 192 105.722472 0.010886 15498819442079919243264.000000
2X4 1000 384 62.407189 0.036882 15498820459746197241856.000000
2X4 2000 96 116.879041 0.019703 15498821906875396653056.000000
2X4 2000 192 118.414744 0.038895 15498823389139586514944.000000
2X4 2000 384 132.116779 0.069722 15498825137538082013184.000000
2X4 3000 96 110.269416 0.046996 15498827412021610283008.000000
2X4 3000 192 125.691834 0.082460 15498829734501068832768.000000
2X4 3000 384 136.730832 0.151605 15498832475189279719424.000000
2X4 4000 96 124.887831 0.073776 15498836933920629456896.000000
2X4 4000 192 139.675050 0.131930 15498840980749111263232.000000
2X4 4000 384 155.224333 0.237429 15498845847753987194880.000000
2X4 5000 96 117.423658 0.122608 15498851463432935309312.000000
2X4 5000 192 146.890176 0.196026 15498856559941028675584.000000
2X4 5000 384 164.224226 0.350670 15498862491398716784640.000000
3X2 1000 96 101.627886 0.005662 15498870814388290322432.000000
3X2 1000 192 53.727094 0.021420 15498871712611565568000.000000
3X2 1000 384 112.886914 0.020389 15498873032142080704512.000000
3X2 2000 96 128.467527 0.017926 15498874362842373423104.000000
3X2 2000 192 112.921726 0.040787 15498875870774881681408.000000
3X2 2000 384 132.522220 0.069508 15498877670515642728448.000000
3X2 3000 96 130.037621 0.039852 15498880350876417916928.000000
3X2 3000 192 134.821763 0.076876 15498882564308758167552.000000
3X2 3000 384 160.060594 0.129508 15498885307194761281536.000000
3X2 4000 96 127.953898 0.072008 15498889939959140057088.000000
3X2 4000 192 148.031748 0.124483 15498893979312090775552.000000
3X2 4000 384 172.353022 0.213833 15498898730024785936384.000000
3X2 5000 96 134.598353 0.106964 15498904335589488721920.000000
3X2 5000 192 167.048289 0.172371 15498909276412695281664.000000
3X2 5000 384 178.641178 0.322370 15498915123230842814464.000000
3X3 1000 96 84.658202 0.006797 15498923389918935777280.000000
3X3 1000 192 104.725348 0.010989 15498924298755823894528.000000
3X3 1000 384 104.308558 0.022066 15498925306398097014784.000000
3X3 2000 96 102.321064 0.022506 15498926667191480745984.000000
3X3 2000 192 127.384630 0.036156 15498928111586606317568.000000
3X3 2000 384 129.498972 0.071131 15498929833934000750592.000000
3X3 3000 96 125.269831 0.041369 15498932184764966240256.000000
3X3 3000 192 138.979298 0.074576 15498934422623974588416.000000
3X3 3000 384 158.850658 0.130494 15498937111766703800320.000000
3X3 4000 96 130.190794 0.070771 15498941392195168501760.000000
3X3 4000 192 150.601763 0.122358 15498945470491900510208.000000
3X3 4000 384 170.271079 0.216448 15498950225748517978112.000000
3X3 5000 96 135.587462 0.106183 15498955780466556272640.000000
3X3 5000 192 153.954453 0.187031 15498960804716950323200.000000
3X3 5000 384 176.581803 0.326129 15498966794644098121728.000000
4X2 1000 96 43.343296 0.013276 15498975239857669931008.000000
4X2 1000 192 114.095693 0.010087 15498976177150490574848.000000
4X2 1000 384 109.506917 0.021019 15498977174376381677568.000000
4X2 2000 96 122.736415 0.018763 15498978499923818840064.000000
4X2 2000 192 131.250105 0.035091 15498979915634283905024.000000
4X2 2000 384 113.909802 0.080866 15498981604097072824320.000000
4X2 3000 96 127.128715 0.040764 15498984053605614485504.000000
4X2 3000 192 132.421173 0.078270 15498986384133483134976.000000
4X2 3000 384 158.820513 0.130519 15498989113954749382656.000000
4X2 4000 96 132.380855 0.069600 15498993459397404917760.000000
4X2 4000 192 152.678046 0.120694 15498997536688078585856.000000
4X2 4000 384 173.941374 0.211880 15499002260016007741440.000000
4X2 5000 96 129.008285 0.111598 15499007912847953887232.000000
4X2 5000 192 164.155881 0.175408 15499012947830842064896.000000
4X2 5000 384 170.118935 0.338519 15499018756618197139456.000000
