3x4 1000 96 142.616414 0.004035 594544861564748300288.000000
3x4 1000 96 144.840955 0.003973 594545244395391549440.000000
3x4 1000 96 148.636369 0.003871 594545623689900589056.000000
3x4 1000 96 148.188437 0.003883 594546004076230213632.000000
3x4 1000 96 162.946899 0.003531 594546383818963419136.000000
3x4 1000 192 127.393157 0.009034 594546886682119110656.000000
3x4 1000 192 107.490530 0.010707 594547302468805328896.000000
3x4 1000 192 111.025272 0.010366 594547726445123338240.000000
3x4 1000 192 109.806699 0.010481 594548149399700635648.000000
3x4 1000 192 108.466898 0.010610 594548575113112977408.000000
3x4 1000 384 109.613685 0.020998 594549173467201536000.000000
3x4 1000 384 107.060926 0.021499 594549672018069422080.000000
3x4 1000 384 104.620073 0.022001 594550168585986768896.000000
3x4 1000 384 103.780681 0.022178 594550672830166597632.000000
3x4 1000 384 106.118562 0.021690 594551171907037560832.000000
3x4 2000 96 240.117366 0.009591 594551995536103702528.000000
3x4 2000 96 242.927808 0.009480 594552418795966824448.000000
3x4 2000 96 214.253377 0.010748 594552840381194174464.000000
3x4 2000 96 215.598308 0.010681 594553265259982487552.000000
3x4 2000 96 224.212061 0.010271 594553693289401810944.000000
3x4 2000 192 187.458423 0.024569 594554503491952705536.000000
3x4 2000 192 186.298857 0.024722 594555026713545670656.000000
3x4 2000 192 184.545894 0.024957 594555542888956559360.000000
3x4 2000 192 185.117239 0.024880 594556060972028133376.000000
3x4 2000 192 189.471050 0.024308 594556579108328701952.000000
3x4 2000 384 161.721470 0.056958 594557555678616354816.000000
3x4 2000 384 159.828956 0.057633 594558280472083693568.000000
3x4 2000 384 159.956260 0.057587 594559008460232982528.000000
3x4 2000 384 161.591173 0.057004 594559734516676558848.000000
3x4 2000 384 164.667763 0.055939 594560455262554292224.000000
3x4 3000 96 255.391083 0.020292 594561878578111840256.000000
3x4 3000 96 250.642207 0.020676 594562364776200142848.000000
3x4 3000 96 268.835442 0.019277 594562850491253522432.000000
3x4 3000 96 254.083932 0.020396 594563330495863193600.000000
3x4 3000 96 265.264256 0.019536 594563815336395669504.000000
3x4 3000 192 216.645530 0.047841 594565094234827784192.000000
3x4 3000 192 217.139207 0.047732 594565746151857586176.000000
3x4 3000 192 188.490588 0.054987 594566397332618739712.000000
3x4 3000 192 208.689975 0.049665 594567096847982133248.000000
3x4 3000 192 217.170933 0.047725 594567759549907337216.000000
3x4 3000 384 165.329640 0.125380 594569323132965093376.000000
3x4 3000 384 223.808532 0.092620 594570476310897885184.000000
3x4 3000 384 159.120828 0.130273 594571415474787057664.000000
3x4 3000 384 173.625619 0.119390 594572601026702082048.000000
3x4 3000 384 220.639602 0.093950 594573712086915350528.000000
3x4 4000 96 263.349139 0.034987 594575936413760749568.000000
3x4 4000 96 280.409810 0.032858 594576501868740739072.000000
3x4 4000 96 263.037892 0.035028 594577054495727550464.000000
3x4 4000 96 267.256735 0.034475 594577629683916341248.000000
3x4 4000 96 266.790049 0.034535 594578195951203123200.000000
3x4 4000 192 267.116456 0.068986 594580170940793880576.000000
3x4 4000 192 219.268142 0.084040 594580954433804566528.000000
3x4 4000 192 232.902835 0.079121 594581833570599043072.000000
3x4 4000 192 237.730177 0.077514 594582684258902736896.000000
3x4 4000 192 241.002066 0.076462 594583525099858296832.000000
3x4 4000 384 280.040983 0.131605 594585911744589987840.000000
3x4 4000 384 281.668546 0.130845 594587093098086400000.000000
3x4 4000 384 279.973332 0.131637 594588271893125005312.000000
3x4 4000 384 247.277241 0.149042 594589457145955352576.000000
3x4 4000 384 247.879995 0.148680 594590752508981673984.000000
3x4 5000 96 269.824247 0.053357 594594029477182832640.000000
3x4 5000 96 282.764668 0.050916 594594711757602816000.000000
3x4 5000 96 279.569175 0.051498 594595373900865863680.000000
3x4 5000 96 282.671615 0.050932 594596044854547447808.000000
3x4 5000 96 283.863592 0.050718 594596710184933130240.000000
3x4 5000 192 262.377750 0.109743 594599494392794185728.000000
3x4 5000 192 203.661111 0.141383 594600536456462467072.000000
3x4 5000 192 203.816858 0.141275 594601780494235074560.000000
3x4 5000 192 204.594441 0.140738 594603026259619217408.000000
3x4 5000 192 207.389294 0.138841 594604269086046814208.000000
3x4 5000 384 278.081463 0.207092 594607837780473020416.000000
3x4 5000 384 283.432949 0.203182 594609506202687373312.000000
3x4 5000 384 282.681302 0.203722 594611141875853557760.000000
3x4 5000 384 280.513275 0.205297 594612787635809419264.000000
3x4 5000 384 280.298545 0.205454 594614442022139592704.000000
