3X1 1000 96 190.849554 0.003015 141105255458284863488.000000
3X1 1000 192 217.963595 0.005280 141105768562656018432.000000
3X1 1000 384 253.080135 0.009095 141106342485686534144.000000
3X1 1100 96 190.740127 0.003651 141106889786158596096.000000
3X1 1100 192 244.676571 0.005692 141107432729030574080.000000
3X1 1100 384 241.021056 0.011556 141108029200213442560.000000
3X1 1200 96 213.493862 0.003882 141108643013027463168.000000
3X1 1200 192 232.395878 0.007132 141109222916998529024.000000
3X1 1200 384 254.690574 0.013016 141109859742605066240.000000
3X1 1300 96 173.658296 0.005601 141110478780929327104.000000
3X1 1300 192 235.767262 0.008251 141111075229865902080.000000
3X1 1300 384 247.911868 0.015694 141111738069615132672.000000
3X1 1400 96 187.006198 0.006033 141112390277633769472.000000
3X1 1400 192 235.053302 0.009599 141113011228623519744.000000
3X1 1400 384 259.661756 0.017379 141113716856524193792.000000
3X1 1500 96 198.784640 0.006515 141114405938051350528.000000
3X1 1500 192 229.233230 0.011300 141115039522755706880.000000
3X1 1500 384 254.976541 0.020318 141115786181515116544.000000
3X1 1600 96 225.529432 0.006534 141116540403525419008.000000
3X1 1600 192 257.187556 0.011460 141117238433423310848.000000
3X1 1600 384 259.055686 0.022754 141118052658886639616.000000
3X1 1700 96 213.939317 0.007776 141118818511085109248.000000
3X1 1700 192 240.629473 0.013828 141119539077858705408.000000
3X1 1700 384 262.814470 0.025321 141120376742277611520.000000
3X1 1800 96 229.155672 0.008139 141121197111695753216.000000
3X1 1800 192 242.510439 0.015382 141121949270416670720.000000
3X1 1800 384 257.584913 0.028964 141122809556485554176.000000
3X1 1900 96 226.491819 0.009176 141123693368978964480.000000
3X1 1900 192 250.858834 0.016569 141124499476401078272.000000
3X1 1900 384 260.016565 0.031971 141125399485738303488.000000
3X1 2000 96 215.176082 0.010702 141126300575543033856.000000
3X1 2000 192 246.756738 0.018665 141127124928474628096.000000
3X1 2000 384 262.590659 0.035079 141128068831371427840.000000
3X1 2100 96 226.602977 0.011204 141129021166197407744.000000
3X1 2100 192 255.239707 0.019895 141129870443882889216.000000
3X1 2100 384 263.061347 0.038606 141130873507787997184.000000
3X1 2200 96 226.352015 0.012311 141131886294226960384.000000
3X1 2200 192 250.153535 0.022279 141132775569100881920.000000
3X1 2200 384 267.659107 0.041644 141133806779948498944.000000
3X1 2300 96 226.355860 0.013455 141134868780433178624.000000
3X1 2300 192 250.573362 0.024310 141135795091817103360.000000
3X1 2300 384 265.147656 0.045947 141136916059857059840.000000
3X1 2400 96 240.463168 0.013792 141138052628382646272.000000
3X1 2400 192 257.555860 0.025753 141139058767634743296.000000
3X1 2400 384 270.387915 0.049061 141140215519916081152.000000
3X1 2500 96 230.254215 0.015629 141141404135127056384.000000
3X1 2500 192 237.972268 0.030244 141142438125763346432.000000
3X1 2500 384 258.714851 0.055637 141143659170694266880.000000
3X1 2600 96 251.068381 0.015503 141144923777863090176.000000
3X1 2600 192 265.432539 0.029328 141145995150379089920.000000
3X1 2600 384 270.364300 0.057585 141147242268249538560.000000
3X1 2700 96 231.016462 0.018170 141148553180523184128.000000
3X1 2700 192 256.793406 0.032692 141149713310487592960.000000
3X1 2700 384 264.737566 0.063421 141151060025223446528.000000
3X1 2800 96 245.918294 0.018357 141152454031150530560.000000
3X1 2800 192 262.648918 0.034375 141153635442585894912.000000
3X1 2800 384 263.538273 0.068517 141155034850112700416.000000
3X1 2900 96 222.056094 0.021808 141156535979733680128.000000
3X1 2900 192 243.557738 0.039765 141157953592942788608.000000
3X1 2900 384 268.693084 0.072090 141159476463420243968.000000
3X1 3000 96 254.297910 0.020379 141161006148566188032.000000
3X1 3000 192 262.667451 0.039459 141162292624706617344.000000
3X1 3000 384 273.824322 0.075702 141163813388739395584.000000
3X1 3100 96 229.334266 0.024129 141165407435469275136.000000
3X1 3100 192 258.499950 0.042813 141166748664407015424.000000
3X1 3100 384 267.831120 0.082643 141168340473306628096.000000
3X1 3200 96 238.150798 0.024759 141170215515664056320.000000
3X1 3200 192 259.211109 0.045495 141171778792565112832.000000
3X1 3200 384 272.411769 0.086581 141173583177934110720.000000
3X1 3300 96 235.550588 0.026622 141175389214918148096.000000
3X1 3300 192 258.147088 0.048583 141176872729558499328.000000
3X1 3300 384 268.226176 0.093514 141178650565162303488.000000
3X1 3400 96 245.146877 0.027154 141180558009079758848.000000
3X1 3400 192 264.063287 0.050417 141182094577450909696.000000
3X1 3400 384 272.570955 0.097686 141183905638921945088.000000
3X1 3500 96 242.179156 0.029127 141185850467599106048.000000
3X1 3500 192 260.984594 0.054057 141187423381549285376.000000
3X1 3500 384 269.283998 0.104781 141189329545249161216.000000
3X1 3600 96 250.150582 0.029834 141191390106138099712.000000
3X1 3600 192 266.031096 0.056105 141193037304129454080.000000
3X1 3600 384 272.241020 0.109651 141195021777642995712.000000
3X1 3700 96 242.624437 0.032492 141197180494616625152.000000
3X1 3700 192 259.929844 0.060657 141198895763510067200.000000
3X1 3700 384 271.086164 0.116322 141200968979336052736.000000
3X1 3800 96 245.650883 0.033850 141203199635109314560.000000
3X1 3800 192 266.923813 0.062304 141204975356255698944.000000
3X1 3800 384 271.550853 0.122485 141207128720749641728.000000
3X1 3900 96 244.397736 0.035838 141209527045903073280.000000
3X1 3900 192 263.761261 0.066414 141211376818508447744.000000
3X1 3900 384 271.754056 0.128921 141213629745563746304.000000
3X1 4000 96 252.225172 0.036530 141216161621885157376.000000
3X1 4000 192 269.774333 0.068307 141218138260647133184.000000
3X1 4000 384 273.911982 0.134550 141220510664829272064.000000
3X1 4100 96 239.714856 0.040382 141223052096759840768.000000
3X1 4100 192 261.660087 0.073991 141225087967960498176.000000
3X1 4100 384 268.329512 0.144303 141227573273186582528.000000
3X1 4200 96 254.343597 0.039939 141230234923255005184.000000
3X1 4200 192 272.096664 0.074666 141232324414203461632.000000
3X1 4200 384 274.245313 0.148163 141234828983076601856.000000
3X1 4300 96 241.930386 0.044012 141237589233920983040.000000
3X1 4300 192 258.039512 0.082528 141239802207186370560.000000
3X1 4300 384 272.667079 0.156202 141242419205231493120.000000
3X1 4400 96 255.605963 0.043617 141245371181717504000.000000
3X1 4400 192 266.941566 0.083530 141247659654083100672.000000
3X1 4400 384 270.558399 0.164827 141250447944196472832.000000
3X1 4500 96 240.907202 0.048406 141253438586613317632.000000
3X1 4500 192 259.853023 0.089754 141255796415161008128.000000
3X1 4500 384 271.698773 0.171681 141258691176833875968.000000
3X1 4600 96 255.773252 0.047642 141261852380887056384.000000
3X1 4600 192 272.996475 0.089272 141264291506614665216.000000
3X1 4600 384 277.739567 0.175495 141267201459736395776.000000
3X1 4700 96 232.513240 0.054711 141270486113914535936.000000
3X1 4700 192 259.795173 0.097932 141273096618724818944.000000
3X1 4700 384 269.479729 0.188825 141276182633642524672.000000
3X1 4800 96 250.897044 0.052883 141279702659642507264.000000
3X1 4800 192 267.735102 0.099115 141282479296668467200.000000
3X1 4800 384 275.703903 0.192500 141285745823577145344.000000
3X1 4900 96 242.054586 0.057123 141289280332213239808.000000
3X1 4900 192 259.790532 0.106447 141292130407232307200.000000
3X1 4900 384 265.508667 0.208309 141295429975009771520.000000
3X1 5000 96 251.439684 0.057259 141299125749884190720.000000
3X1 5000 192 263.517537 0.109269 141302057197737574400.000000
3X1 5000 384 277.311680 0.207667 141305413395457736704.000000
3X2 1000 96 184.195566 0.003124 141311965184985661440.000000
3X2 1000 192 232.643437 0.004947 141312502844364406784.000000
3X2 1000 384 243.398426 0.009456 141313081157999034368.000000
3X2 1100 96 192.394476 0.003619 141313624921376735232.000000
3X2 1100 192 232.939930 0.005979 141314148992371326976.000000
3X2 1100 384 252.810825 0.011017 141314740966530531328.000000
3X2 1200 96 213.805661 0.003876 141315306762835034112.000000
3X2 1200 192 229.918271 0.007209 141315899660431065088.000000
3X2 1200 384 252.267093 0.013141 141316628734775443456.000000
3X2 1300 96 189.341276 0.005137 141317243680811843584.000000
3X2 1300 192 230.835754 0.008428 141317822466203762688.000000
3X2 1300 384 247.011137 0.015751 141318489293811974144.000000
3X2 1400 96 231.242940 0.004879 141319134058477355008.000000
3X2 1400 192 240.450246 0.009384 141319737584207200256.000000
3X2 1400 384 258.207686 0.017477 141320433516236357632.000000
3X2 1500 96 210.148848 0.006163 141321127454614470656.000000
3X2 1500 192 258.836619 0.010007 141321768642819276800.000000
3X2 1500 384 263.848692 0.019635 141322500783908945920.000000
3X2 1600 96 224.743430 0.006557 141323230242093301760.000000
3X2 1600 192 246.791079 0.011942 141323923221706768384.000000
3X2 1600 384 264.540489 0.022282 141324708610569830400.000000
3X2 1700 96 217.145827 0.007661 141325476833501003776.000000
3X2 1700 192 249.656023 0.013328 141326186659897556992.000000
3X2 1700 384 264.493309 0.025160 141327001898679173120.000000
3X2 1800 96 219.395586 0.008502 141327814446017675264.000000
3X2 1800 192 244.542071 0.015255 141328592972820447232.000000
3X2 1800 384 256.553605 0.029081 141329445591868948480.000000
3X2 1900 96 230.766043 0.009006 141330300603538227200.000000
3X2 1900 192 259.432107 0.016022 141331077638065766400.000000
3X2 1900 384 274.892512 0.030241 141331971470341144576.000000
3X2 2000 96 236.627262 0.009732 141332864725118861312.000000
3X2 2000 192 253.401532 0.018175 141333669824566558720.000000
3X2 2000 384 278.906720 0.033027 141334612243956236288.000000
3X2 2100 96 233.865361 0.010856 141335572415165841408.000000
3X2 2100 192 253.003431 0.020070 141336417836467585024.000000
3X2 2100 384 269.444665 0.037692 141337409371989180416.000000
3X2 2200 96 233.586898 0.011929 141338425571541598208.000000
3X2 2200 192 255.223769 0.021836 141339307864162959360.000000
3X2 2200 384 264.543432 0.042134 141340345600463192064.000000
3X2 2300 96 248.686025 0.012247 141341441951307579392.000000
3X2 2300 192 260.529246 0.023381 141342361041194369024.000000
3X2 2300 384 278.618722 0.043726 141343460237184253952.000000
3X2 2400 96 249.976886 0.013267 141344614497542569984.000000
3X2 2400 192 278.506410 0.023815 141345614143150129152.000000
3X2 2400 384 281.007495 0.047207 141346768981396373504.000000
3X2 2500 96 247.426797 0.014544 141347963304613494784.000000
3X2 2500 192 273.269713 0.026337 141348980955781775360.000000
3X2 2500 384 277.998699 0.051778 141350179234813083648.000000
3X2 2600 96 242.168906 0.016073 141351427861784231936.000000
3X2 2600 192 262.999090 0.029599 141352496968930803712.000000
3X2 2600 384 278.686002 0.055866 141353749479319388160.000000
3X2 2700 96 244.991921 0.017133 141355063347887292416.000000
3X2 2700 192 266.428980 0.031509 141356177735844331520.000000
3X2 2700 384 272.258351 0.061669 141357495424667877376.000000
3X2 2800 96 262.619008 0.017189 141358878105789317120.000000
3X2 2800 192 261.315105 0.034550 141360027854583054336.000000
3X2 2800 384 287.287550 0.062853 141361408578283634688.000000
3X2 2900 96 240.661379 0.020122 141362840017661689856.000000
3X2 2900 192 271.519713 0.035670 141364061821382967296.000000
3X2 2900 384 278.494505 0.069552 141365505328459579392.000000
3X2 3000 96 246.164533 0.021052 141367061837776994304.000000
3X2 3000 192 269.145927 0.038509 141368327221694480384.000000
3X2 3000 384 277.659952 0.074656 141369850217490350080.000000
3X2 3100 96 246.354885 0.022462 141371443062441099264.000000
3X2 3100 192 248.763550 0.044489 141372768987744534528.000000
3X2 3100 384 277.651751 0.079720 141374375121366532096.000000
3X2 3200 96 248.542966 0.023724 141376205767892434944.000000
3X2 3200 192 272.790740 0.043230 141377734740532887552.000000
3X2 3200 384 282.226347 0.083570 141379552119808425984.000000
3X2 3300 96 251.966997 0.024887 141381397523863371776.000000
3X2 3300 192 271.960360 0.046115 141382883934125064192.000000
3X2 3300 384 280.181424 0.089524 141384685526310191104.000000
3X2 3400 96 256.760367 0.025925 141386575284660486144.000000
3X2 3400 192 272.479685 0.048859 141388114957953122304.000000
3X2 3400 384 284.877361 0.093466 141389934728434909184.000000
3X2 3500 96 253.476570 0.027829 141391870573234126848.000000
3X2 3500 192 267.226255 0.052794 141393475886523482112.000000
3X2 3500 384 279.538812 0.100937 141395384983093624832.000000
3X2 3600 96 250.988690 0.029734 141397407860739653632.000000
3X2 3600 192 269.564421 0.055370 141399069665654931456.000000
3X2 3600 384 279.873121 0.106661 141401042995815596032.000000
3X2 3700 96 250.686341 0.031447 141403155670135439360.000000
3X2 3700 192 270.304656 0.058329 141404886737620107264.000000
3X2 3700 384 287.020657 0.109864 141406955134163107840.000000
3X2 3800 96 256.293328 0.032444 141409152234610049024.000000
3X2 3800 192 271.069100 0.061352 141410934887020101632.000000
3X2 3800 384 290.216185 0.114608 141413073366189981696.000000
3X2 3900 96 256.767826 0.034111 141415408870060392448.000000
3X2 3900 192 260.618466 0.067215 141417309936883712000.000000
3X2 3900 384 280.174803 0.125046 141419593537070399488.000000
3X2 4000 96 257.115510 0.035835 141422056184934449152.000000
3X2 4000 192 267.924256 0.068778 141424053368411897856.000000
3X2 4000 384 285.082337 0.129278 141426392970516004864.000000
3X2 4100 96 246.840693 0.039216 141428912692694073344.000000
3X2 4100 192 269.154987 0.071930 141430948063037046784.000000
3X2 4100 384 276.551473 0.140013 141433357024970653696.000000
3X2 4200 96 258.957405 0.039227 141436054738980077568.000000
3X2 4200 192 277.722490 0.073154 141438179184691511296.000000
3X2 4200 384 288.037285 0.141068 141440670193206951936.000000
3X2 4300 96 256.895292 0.041448 141443391327323684864.000000
3X2 4300 192 274.335567 0.077626 141445575951214493696.000000
3X2 4300 384 282.788879 0.150611 141448157689856655360.000000
3X2 4400 96 261.650803 0.042610 141451088727207559168.000000
3X2 4400 192 276.456516 0.080655 141453424171436441600.000000
3X2 4400 384 286.959833 0.155406 141456190668040486912.000000
3X2 4500 96 251.693812 0.046332 141459159135028101120.000000
3X2 4500 192 270.829339 0.086116 141461505238942777344.000000
3X2 4500 384 280.243888 0.166447 141464309079967399936.000000
3X2 4600 96 261.557506 0.046588 141467409047658790912.000000
3X2 4600 192 280.210613 0.086974 141469928918528016384.000000
3X2 4600 384 290.006527 0.168072 141472816520911650816.000000
3X2 4700 96 255.216159 0.049845 141476048081646043136.000000
3X2 4700 192 273.534671 0.093013 141478607399335624704.000000
3X2 4700 384 281.620378 0.180685 141481625056893583360.000000
3X2 4800 96 258.583036 0.051311 141485117087778160640.000000
3X2 4800 192 271.136287 0.097872 141487882901137489920.000000
3X2 4800 384 286.773012 0.185070 141491146322555158528.000000
3X2 4900 96 255.639483 0.054088 141494625126131597312.000000
3X2 4900 192 270.789095 0.102123 141497366791268106240.000000
3X2 4900 384 277.774434 0.199110 141500601644258361344.000000
3X2 5000 96 256.465026 0.056137 141504258228440350720.000000
3X2 5000 192 270.083732 0.106612 141507095548157689856.000000
3X2 5000 384 284.079972 0.202719 141510492379719041024.000000
3X3 1000 96 160.197686 0.003592 141517181869266173952.000000
3X3 1000 192 202.209630 0.005691 141517688086220095488.000000
3X3 1000 384 228.291967 0.010082 141518252719126183936.000000
3X3 1100 96 183.387314 0.003797 141518805827648913408.000000
3X3 1100 192 226.676940 0.006144 141519337813599944704.000000
3X3 1100 384 264.240788 0.010541 141519931576130306048.000000
3X3 1200 96 199.701297 0.004150 141520544062077288448.000000
3X3 1200 192 224.577895 0.007381 141521134406143754240.000000
3X3 1200 384 234.828296 0.014117 141521776015167651840.000000
3X3 1300 96 191.899393 0.005069 141522397598502977536.000000
3X3 1300 192 235.817962 0.008250 141522981594774552576.000000
3X3 1300 384 264.749396 0.014696 141523650412168331264.000000
3X3 1400 96 211.748370 0.005328 141524297225096003584.000000
3X3 1400 192 226.961965 0.009941 141524905124963205120.000000
3X3 1400 384 252.616235 0.017864 141525604513523400704.000000
3X3 1500 96 193.201138 0.006704 141526291758404239360.000000
3X3 1500 192 242.681395 0.010674 141526966197404155904.000000
3X3 1500 384 263.040661 0.019695 141527707009059913728.000000
3X3 1600 96 214.897604 0.006857 141528441972255178752.000000
3X3 1600 192 245.732051 0.011994 141529151410562088960.000000
3X3 1600 384 257.558116 0.022886 141529956356934631424.000000
3X3 1700 96 246.201384 0.006757 141530750798987608064.000000
3X3 1700 192 275.818685 0.012063 141531476122561052672.000000
3X3 1700 384 273.436060 0.024337 141532304821386838016.000000
3X3 1800 96 241.665483 0.007718 141533118506312531968.000000
3X3 1800 192 256.327272 0.014553 141533874701986643968.000000
3X3 1800 384 264.869612 0.028168 141534756798115463168.000000
3X3 1900 96 223.484463 0.009299 141535613630027792384.000000
3X3 1900 192 260.918063 0.015930 141536401394500304896.000000
3X3 1900 384 275.317399 0.030194 141537311491491676160.000000
3X3 2000 96 225.952478 0.010192 141538203691683856384.000000
3X3 2000 192 255.122789 0.018053 141539025569479639040.000000
3X3 2000 384 268.181392 0.034348 141540008127689703424.000000
3X3 2100 96 236.161024 0.010751 141540969185184006144.000000
3X3 2100 192 268.833670 0.018889 141541817913864765440.000000
3X3 2100 384 284.905445 0.035646 141542802446481162240.000000
3X3 2200 96 235.447884 0.011835 141543802990296694784.000000
3X3 2200 192 259.358504 0.021488 141544693035698667520.000000
3X3 2200 384 276.971355 0.040243 141545736737528037376.000000
3X3 2300 96 246.110524 0.012375 141546805204892205056.000000
3X3 2300 192 272.474098 0.022356 141547739293645488128.000000
3X3 2300 384 288.714326 0.042197 141548829031197392896.000000
3X3 2400 96 241.381886 0.013739 141549983082749329408.000000
3X3 2400 192 264.209185 0.025104 141550971215167094784.000000
3X3 2400 384 278.144024 0.047693 141552133647275393024.000000
3X3 2500 96 236.256096 0.015232 141553340300623069184.000000
3X3 2500 192 258.210496 0.027873 141554357790300143616.000000
3X3 2500 384 268.609510 0.053588 141555559218828869632.000000
3X3 2600 96 253.951588 0.015327 141556810636404604928.000000
3X3 2600 192 266.954865 0.029160 141557879915564089344.000000
3X3 2600 384 278.743201 0.055854 141559165693854810112.000000
3X3 2700 96 247.048317 0.016991 141560470054871351296.000000
3X3 2700 192 256.858290 0.032683 141561576624588816384.000000
3X3 2700 384 273.128273 0.061473 141562894202186907648.000000
3X3 2800 96 255.254446 0.017685 141564273322578755584.000000
3X3 2800 192 268.151209 0.033669 141565467109251940352.000000
3X3 2800 384 283.989954 0.063583 141566835718796279808.000000
3X3 2900 96 241.378440 0.020062 141568322754990686208.000000
3X3 2900 192 262.389155 0.036911 141569588125602643968.000000
3X3 2900 384 268.244674 0.072210 141571034017517551616.000000
3X3 3000 96 256.683195 0.020189 141572582802208096256.000000
3X3 3000 192 270.894426 0.038260 141573836872679817216.000000
3X3 3000 384 285.927329 0.072498 141575352552252014592.000000
3X3 3100 96 245.449896 0.022545 141576975643742076928.000000
3X3 3100 192 258.805224 0.042762 141578337063488389120.000000
3X3 3100 384 276.070282 0.080176 141579931882045456384.000000
3X3 3200 96 257.956784 0.022858 141581771017774301184.000000
3X3 3200 192 272.294219 0.043309 141583292004354211840.000000
3X3 3200 384 290.018771 0.081324 141585215775189188608.000000
3X3 3300 96 244.947181 0.025600 141586965091466608640.000000
3X3 3300 192 263.574491 0.047582 141588476900952604672.000000
3X3 3300 384 270.441388 0.092748 141590211393140998144.000000
3X3 3400 96 263.953939 0.025219 141592091384669454336.000000
3X3 3400 192 277.172839 0.048032 141593602008779423744.000000
3X3 3400 384 293.328198 0.090773 141595385441976811520.000000
3X3 3500 96 251.228445 0.028078 141597302350546534400.000000
3X3 3500 192 266.310729 0.052976 141598875580989440000.000000
3X3 3500 384 280.942645 0.100433 141600761231179988992.000000
3X3 3600 96 255.991842 0.029153 141602791994816020480.000000
3X3 3600 192 277.780513 0.053732 141604466053606014976.000000
3X3 3600 384 291.111410 0.102543 141606434432451543040.000000
3X3 3700 96 243.697471 0.032349 141608522124135972864.000000
3X3 3700 192 268.456090 0.058731 141610268507235860480.000000
3X3 3700 384 279.262983 0.112916 141612320160355680256.000000
3X3 3800 96 266.394123 0.031214 141614534982568116224.000000
3X3 3800 192 281.450794 0.059088 141616318717077323776.000000
3X3 3800 384 283.543846 0.117305 141618554572088705024.000000
3X3 3900 96 256.250073 0.034180 141620916592060203008.000000
3X3 3900 192 268.147245 0.065328 141622778518008725504.000000
3X3 3900 384 283.168504 0.123724 141625108601501827072.000000
3X3 4000 96 262.490520 0.035101 141627576999727218688.000000
3X3 4000 192 283.591522 0.064979 141629564241259855872.000000
3X3 4000 384 292.472098 0.126011 141631875953566629888.000000
3X3 4100 96 248.538637 0.038948 141634371635310673920.000000
3X3 4100 192 270.541876 0.071562 141636443203706372096.000000
3X3 4100 384 282.416916 0.137105 141638953699279962112.000000
3X3 4200 96 251.865290 0.040332 141641626992285483008.000000
3X3 4200 192 283.310646 0.071711 141643774288312532992.000000
3X3 4200 384 295.448398 0.137530 141646252956994994176.000000
3X3 4300 96 249.988700 0.042593 141648992892429189120.000000
3X3 4300 192 272.406710 0.078175 141651186485029912576.000000
3X3 4300 384 279.609830 0.152323 141653799863958437888.000000
3X3 4400 96 263.739242 0.042272 141656694602213720064.000000
3X3 4400 192 284.507403 0.078373 141658994951717912576.000000
3X3 4400 384 291.532878 0.152968 141661774464718110720.000000
3X3 4500 96 250.700458 0.046515 141664824461960822784.000000
3X3 4500 192 265.969330 0.087690 141667205517099401216.000000
3X3 4500 384 285.234877 0.163534 141670023107640115200.000000
3X3 4600 96 265.287598 0.045933 141673143239772094464.000000
3X3 4600 192 286.010128 0.085210 141675635930162659328.000000
3X3 4600 384 295.767172 0.164799 141678530233397100544.000000
3X3 4700 96 252.302773 0.050420 141681761402195591168.000000
3X3 4700 192 274.569344 0.092662 141684316562592694272.000000
3X3 4700 384 284.743756 0.178703 141687367572782563328.000000
3X3 4800 96 262.811491 0.050486 141690836205082640384.000000
3X3 4800 192 287.035555 0.092450 141693623305685696512.000000
3X3 4800 384 295.645673 0.179516 141696856393485647872.000000
3X3 4900 96 251.395227 0.055001 141700315280813572096.000000
3X3 4900 192 271.678014 0.101789 141703053561534169088.000000
3X3 4900 384 283.873714 0.194832 141706323023252258816.000000
3X3 5000 96 253.216012 0.056857 141709960379864023040.000000
3X3 5000 192 275.597200 0.104479 141712834791739490304.000000
3X3 5000 384 284.735152 0.202253 141716206581830238208.000000
3X4 1000 96 161.578177 0.003561 141722834621332357120.000000
3X4 1000 192 214.593102 0.005363 141723333478292832256.000000
3X4 1000 384 251.890550 0.009138 141723895499909283840.000000
3X4 1100 96 173.330688 0.004017 141724442569437478912.000000
3X4 1100 192 211.249689 0.006592 141724978839689134080.000000
3X4 1100 384 229.962483 0.012112 141725590725680873472.000000
3X4 1200 96 200.656095 0.004130 141726174349318930432.000000
3X4 1200 192 225.395769 0.007354 141726777868098420736.000000
3X4 1200 384 245.699180 0.013492 141727426425217990656.000000
3X4 1300 96 200.615526 0.004849 141728031936042139648.000000
3X4 1300 192 238.733081 0.008149 141728616258937683968.000000
3X4 1300 384 249.357185 0.015603 141729285972753776640.000000
3X4 1400 96 206.836482 0.005454 141729940187901853696.000000
3X4 1400 192 237.861286 0.009486 141730547438828339200.000000
3X4 1400 384 231.284979 0.019511 141731249176719589376.000000
3X4 1500 96 210.276728 0.006159 141731954249900310528.000000
3X4 1500 192 248.173886 0.010437 141732586288927965184.000000
3X4 1500 384 263.814107 0.019637 141733321135911944192.000000
3X4 1600 96 204.411858 0.007209 141734061596482977792.000000
3X4 1600 192 234.502959 0.012568 141734756357715181568.000000
3X4 1600 384 238.155776 0.024751 141735569124574035968.000000
3X4 1700 96 235.630086 0.007060 141736359180080021504.000000
3X4 1700 192 256.734034 0.012960 141737119575280484352.000000
3X4 1700 384 268.475058 0.024787 141738017680541171712.000000
3X4 1800 96 222.844670 0.008370 141738944075854839808.000000
3X4 1800 192 232.969485 0.016012 141739728365934051328.000000
3X4 1800 384 245.856510 0.030346 141740600694114418688.000000
3X4 1900 96 220.935785 0.009407 141741480247804837888.000000
3X4 1900 192 249.883788 0.016634 141742264248175198208.000000
3X4 1900 384 255.803875 0.032498 141743166578882560000.000000
3X4 2000 96 214.463146 0.010738 141744072518952009728.000000
3X4 2000 192 266.241315 0.017299 141744906120279916544.000000
3X4 2000 384 273.220346 0.033714 141745839927062069248.000000
3X4 2100 96 220.628038 0.011508 141746782853171691520.000000
3X4 2100 192 239.169505 0.021231 141747638989960921088.000000
3X4 2100 384 258.107031 0.039347 141748638345623191552.000000
3X4 2200 96 220.963526 0.012611 141749654925111312384.000000
3X4 2200 192 259.028201 0.021516 141750564869725028352.000000
3X4 2200 384 270.495498 0.041207 141751621284436967424.000000
3X4 2300 96 249.776582 0.012194 141752691687333822464.000000
3X4 2300 192 263.466253 0.023120 141753620408900222976.000000
3X4 2300 384 281.001727 0.043355 141754715457741488128.000000
3X4 2400 96 221.796858 0.014952 141755837467234156544.000000
3X4 2400 192 237.449090 0.027933 141756827930762149888.000000
3X4 2400 384 267.891417 0.049518 141758012075989467136.000000
3X4 2500 96 248.236711 0.014496 141759207971705634816.000000
3X4 2500 192 261.222669 0.027552 141760252293067784192.000000
3X4 2500 384 277.880845 0.051800 141761455844815667200.000000
3X4 2600 96 245.182177 0.015875 141762712800464830464.000000
3X4 2600 192 258.108091 0.030160 141763820457817489408.000000
3X4 2600 384 268.990839 0.057879 141765107200223477760.000000
3X4 2700 96 241.930350 0.017350 141766448888060379136.000000
3X4 2700 192 262.197149 0.032018 141767584916323631104.000000
3X4 2700 384 274.043471 0.061267 141768913408218791936.000000
3X4 2800 96 259.208975 0.017415 141770316148366278656.000000
3X4 2800 192 274.388363 0.032904 141771494613382529024.000000
3X4 2800 384 290.490185 0.062160 141772895924864499712.000000
3X4 2900 96 242.563921 0.019964 141774319264217284608.000000
3X4 2900 192 262.026422 0.036962 141775569668423565312.000000
3X4 2900 384 273.572072 0.070804 141777086869019656192.000000
3X4 3000 96 246.118284 0.021056 141778629690747387904.000000
3X4 3000 192 267.523267 0.038743 141779913106580799488.000000
3X4 3000 384 283.307590 0.073168 141781467378048679936.000000
3X4 3100 96 238.620781 0.023190 141783102021717360640.000000
3X4 3100 192 251.992346 0.043919 141784463113758130176.000000
3X4 3100 384 270.406093 0.081856 141786086863244902400.000000
3X4 3200 96 247.852029 0.023790 141787934471760543744.000000
3X4 3200 192 266.570468 0.044239 141789544467110428672.000000
3X4 3200 384 277.757564 0.084914 141791393665750728704.000000
3X4 3300 96 246.843198 0.025404 141793183373987725312.000000
3X4 3300 192 270.627887 0.046342 141794641156961239040.000000
3X4 3300 384 285.390361 0.087890 141796394300956737536.000000
3X4 3400 96 239.097603 0.027841 141798244560384196608.000000
3X4 3400 192 266.245869 0.050003 141799832989872783360.000000
3X4 3400 384 274.057255 0.097156 141801639261091184640.000000
3X4 3500 96 245.998033 0.028675 141803606056436137984.000000
3X4 3500 192 272.753093 0.051724 141805237294204190720.000000
3X4 3500 384 284.283741 0.099253 141807129892855201792.000000
3X4 3600 96 245.096208 0.030449 141809185321558786048.000000
3X4 3600 192 264.578379 0.056413 141810864268149997568.000000
3X4 3600 384 274.361286 0.108804 141812821671008944128.000000
3X4 3700 96 245.127929 0.032160 141815038886622904320.000000
3X4 3700 192 267.430455 0.058956 141816782498734129152.000000
3X4 3700 384 280.070427 0.112590 141818846476832571392.000000
3X4 3800 96 259.746021 0.032013 141821063129444909056.000000
3X4 3800 192 279.096784 0.059587 141822881279382781952.000000
3X4 3800 384 292.532308 0.113700 141825037868266962944.000000
3X4 3900 96 246.030866 0.035600 141827389609198977024.000000
3X4 3900 192 262.885849 0.066635 141829269518852177920.000000
3X4 3900 384 277.247980 0.126366 141831491280014655488.000000
3X4 4000 96 257.760890 0.035745 141833968382886035456.000000
3X4 4000 192 274.958569 0.067019 141835960726197649408.000000
3X4 4000 384 286.089844 0.128822 141838309070137786368.000000
3X4 4100 96 238.433342 0.040599 141840841922990358528.000000
3X4 4100 192 260.383344 0.074353 141842874765634338816.000000
3X4 4100 384 273.147161 0.141758 141845298368860307456.000000
3X4 4200 96 249.197297 0.040764 141847997557755756544.000000
3X4 4200 192 272.150772 0.074651 141850104023071244288.000000
3X4 4200 384 281.458936 0.144365 141852598051144957952.000000
3X4 4300 96 255.682911 0.041644 141855348060882665472.000000
3X4 4300 192 274.016600 0.077716 141857533460434206720.000000
3X4 4300 384 287.033120 0.148384 141860159896226086912.000000
3X4 4400 96 253.275495 0.044019 141863062407082541056.000000
3X4 4400 192 263.675226 0.084565 141865352722750439424.000000
3X4 4400 384 278.965053 0.159860 141868181545143386112.000000
3X4 4500 96 251.252150 0.046413 141871256208451977216.000000
3X4 4500 192 260.531522 0.089520 141873670460612919296.000000
3X4 4500 384 284.566688 0.163918 141876538292635975680.000000
3X4 4600 96 260.923655 0.046701 141879669924325736448.000000
3X4 4600 192 277.271976 0.087896 141882288245026848768.000000
3X4 4600 384 294.833164 0.165321 141885305468779872256.000000
3X4 4700 96 248.807348 0.051128 141888494498918121472.000000
3X4 4700 192 264.542854 0.096174 141891033426835947520.000000
3X4 4700 384 281.137928 0.180995 141894065617346723840.000000
3X4 4800 96 251.817276 0.052690 141897540792552226816.000000
3X4 4800 192 280.429919 0.094628 141900306926781874176.000000
3X4 4800 384 288.449488 0.183994 141903523985865900032.000000
3X4 4900 96 242.077699 0.057118 141906977872285122560.000000
3X4 4900 192 265.314093 0.104231 141909783038909693952.000000
3X4 4900 384 276.804042 0.199808 141913068777094234112.000000
3X4 5000 96 241.446821 0.059629 141916777056902414336.000000
3X4 5000 192 274.329302 0.104962 141919659531791859712.000000
3X4 5000 384 285.921138 0.201414 141923043723840258048.000000
3X5 1000 96 178.527073 0.003223 141929882760803926016.000000
3X5 1000 192 207.478394 0.005547 141930407635356811264.000000
3X5 1000 384 232.158408 0.009914 141930976790067609600.000000
3X5 1100 96 155.461439 0.004479 141931529203665567744.000000
3X5 1100 192 209.784322 0.006638 141932073629839966208.000000
3X5 1100 384 222.448670 0.012521 141932668678136643584.000000
3X5 1200 96 233.146291 0.003555 141933333792458555392.000000
3X5 1200 192 231.335504 0.007165 141933944458623221760.000000
3X5 1200 384 263.771578 0.012568 141934586163928760320.000000
3X5 1300 96 195.117935 0.004985 141935186552269930496.000000
3X5 1300 192 216.522410 0.008985 141935768202442440704.000000
3X5 1300 384 239.523539 0.016244 141936482116313939968.000000
3X5 1400 96 216.784357 0.005204 141937155001061048320.000000
3X5 1400 192 228.247625 0.009885 141937763005101129728.000000
3X5 1400 384 251.166379 0.017967 141938475711791890432.000000
3X5 1500 96 213.379166 0.006070 141939171885254606848.000000
3X5 1500 192 232.281246 0.011151 141939840028875620352.000000
3X5 1500 384 253.287639 0.020453 141940580904883388416.000000
3X5 1600 96 201.984512 0.007296 141941329019220410368.000000
3X5 1600 192 259.082398 0.011376 141942028067774267392.000000
3X5 1600 384 280.276564 0.021031 141942821858620866560.000000
3X5 1700 96 201.576543 0.008253 141943613783099736064.000000
3X5 1700 192 229.214778 0.014516 141944336604945186816.000000
3X5 1700 384 244.207565 0.027250 141945170629210701824.000000
3X5 1800 96 208.823295 0.008932 141945990601745727488.000000
3X5 1800 192 243.976092 0.015290 141946741385663365120.000000
3X5 1800 384 259.784967 0.028719 141947601501780393984.000000
3X5 1900 96 225.850883 0.009202 141948457290115219456.000000
3X5 1900 192 260.281444 0.015969 141949245456795811840.000000
3X5 1900 384 269.349571 0.030863 141950166687360892928.000000
3X5 2000 96 209.118077 0.011012 141951072557773209600.000000
3X5 2000 192 232.568401 0.019804 141951900664957419520.000000
3X5 2000 384 255.878013 0.035999 141952849847265165312.000000
3X5 2100 96 216.957486 0.011703 141953819235965485056.000000
3X5 2100 192 244.799384 0.020743 141954673231673163776.000000
3X5 2100 384 263.220263 0.038583 141955686786003369984.000000
3X5 2200 96 229.567279 0.012138 141956697077376827392.000000
3X5 2200 192 264.501441 0.021070 141957603315405094912.000000
3X5 2200 384 284.015640 0.039245 141958650579346292736.000000
3X5 2300 96 217.634051 0.013995 141959701357296959488.000000
3X5 2300 192 235.440675 0.025872 141960627471215493120.000000
3X5 2300 384 257.038247 0.047397 141961743719172472832.000000
3X5 2400 96 230.646622 0.014379 141962910095306129408.000000
3X5 2400 192 260.618522 0.025450 141963916946155339776.000000
3X5 2400 384 271.358740 0.048886 141965079750378455040.000000
3X5 2500 96 237.675052 0.015141 141966262551624957952.000000
3X5 2500 192 265.321548 0.027126 141967280761359646720.000000
3X5 2500 384 279.595015 0.051482 141968514572606717952.000000
3X5 2600 96 232.211230 0.016762 141969769009996808192.000000
3X5 2600 192 252.054435 0.030884 141970846625232207872.000000
3X5 2600 384 262.141356 0.059392 141972112022270050304.000000
3X5 2700 96 228.367832 0.018380 141973444529576230912.000000
3X5 2700 192 252.156989 0.033293 141974598908871999488.000000
3X5 2700 384 267.264986 0.062821 141975974262166519808.000000
3X5 2800 96 240.839770 0.018744 141977369035440816128.000000
3X5 2800 192 267.679346 0.033729 141978543294537285632.000000
3X5 2800 384 278.584901 0.064817 141979955869846061056.000000
3X5 2900 96 229.064992 0.021140 141981455095313268736.000000
3X5 2900 192 246.266435 0.039327 141982694240889765888.000000
3X5 2900 384 260.243214 0.074430 141984179225724289024.000000
3X5 3000 96 234.320118 0.022116 141985734117806571520.000000
3X5 3000 192 249.932456 0.041469 141987037012519043072.000000
3X5 3000 384 272.462738 0.076080 141988598212255350784.000000
3X5 3100 96 239.371406 0.023117 141990208037518802944.000000
3X5 3100 192 261.800636 0.042273 141991558171921907712.000000
3X5 3100 384 277.973849 0.079627 141993155518331387904.000000
3X5 3200 96 254.474784 0.023171 141995000396185010176.000000
3X5 3200 192 276.693386 0.042620 141996534949784944640.000000
3X5 3200 384 291.029971 0.081042 141998323768658657280.000000
3X5 3300 96 215.797242 0.029058 142000062417096540160.000000
3X5 3300 192 252.195159 0.049729 142001538739857932288.000000
3X5 3300 384 270.909382 0.092588 142003356505277448192.000000
3X5 3400 96 247.658354 0.026878 142005225395929579520.000000
3X5 3400 192 270.421393 0.049231 142006740459405836288.000000
3X5 3400 384 283.524569 0.093912 142008570164984758272.000000
3X5 3500 96 248.114821 0.028430 142010520683741642752.000000
3X5 3500 192 268.361388 0.052571 142012132086739451904.000000
3X5 3500 384 286.442541 0.098505 142014068524786728960.000000
3X5 3600 96 239.633830 0.031143 142016085795303325696.000000
3X5 3600 192 258.866513 0.057658 142017758454144532480.000000
3X5 3600 384 276.035452 0.108144 142019755664412639232.000000
3X5 3700 96 242.099039 0.032562 142021911577514508288.000000
3X5 3700 192 262.580322 0.060045 142023643974528614400.000000
3X5 3700 384 279.325304 0.112891 142025719418872889344.000000
3X5 3800 96 255.573947 0.032536 142027995124711129088.000000
3X5 3800 192 277.034791 0.060030 142029801682060738560.000000
3X5 3800 384 289.466169 0.114905 142032017453764378624.000000
3X5 3900 96 231.183611 0.037886 142034333370576601088.000000
3X5 3900 192 254.298500 0.068885 142036239632958095360.000000
3X5 3900 384 269.847716 0.129832 142038513353093988352.000000
3X5 4000 96 248.460889 0.037083 142041010495714754560.000000
3X5 4000 192 267.174700 0.068971 142042996156965863424.000000
3X5 4000 384 282.540927 0.130441 142045358386319720448.000000
3X5 4100 96 238.276991 0.040626 142047884045662470144.000000
3X5 4100 192 265.189914 0.073006 142049919990782885888.000000
3X5 4100 384 284.161618 0.136263 142052361793419051008.000000
3X5 4200 96 240.944830 0.042160 142054991486868488192.000000
3X5 4200 192 261.750077 0.077618 142057165610721345536.000000
3X5 4200 384 273.474691 0.148580 142059695056207691776.000000
3X5 4300 96 219.762463 0.048451 142062457896709554176.000000
3X5 4300 192 260.460622 0.081761 142064793577066381312.000000
3X5 4300 384 277.222838 0.153635 142067403891054264320.000000
3X5 4400 96 242.649410 0.045946 142070300300477464576.000000
3X5 4400 192 275.632451 0.080896 142072599659562516480.000000
3X5 4400 384 288.719087 0.154459 142075315188610727936.000000
3X5 4500 96 231.449678 0.050384 142078307498643521536.000000
3X5 4500 192 256.100383 0.091069 142080722075015528448.000000
3X5 4500 384 272.509942 0.171170 142083555236742692864.000000
3X5 4600 96 250.321319 0.048679 142086727652091265024.000000
3X5 4600 192 262.618328 0.092800 142089193051539193856.000000
3X5 4600 384 280.994783 0.173462 142092134183628963840.000000
3X5 4700 96 236.903046 0.053698 142095376648644427776.000000
3X5 4700 192 265.060416 0.095987 142098066955850694656.000000
3X5 4700 384 279.759021 0.181887 142101101454156595200.000000
3X5 4800 96 257.179621 0.051591 142105041618682724352.000000
3X5 4800 192 280.686606 0.094542 142107812616579432448.000000
3X5 4800 384 294.448329 0.180246 142111132465904631808.000000
3X5 4900 96 220.845878 0.062609 142114565984785776640.000000
3X5 4900 192 258.136814 0.107129 142117412480374652928.000000
3X5 4900 384 274.042392 0.201822 142120674538041917440.000000
3X5 5000 96 251.068615 0.057343 142124343183580086272.000000
3X5 5000 192 274.324804 0.104964 142127198306278899712.000000
3X5 5000 384 288.319868 0.199738 142130578762890969088.000000
3X6 1000 96 144.992560 0.003969 142137313254285246464.000000
3X6 1000 192 199.455074 0.005770 142137825703315456000.000000
3X6 1000 384 219.209205 0.010500 142138392120919277568.000000
3X6 1100 96 180.527281 0.003857 142138940526754267136.000000
3X6 1100 192 231.186827 0.006024 142139479504064905216.000000
3X6 1100 384 244.437108 0.011395 142140082825884270592.000000
3X6 1200 96 201.645233 0.004110 142140702584298127360.000000
3X6 1200 192 223.125230 0.007429 142141304819109593088.000000
3X6 1200 384 227.388805 0.014579 142141948632702926848.000000
3X6 1300 96 165.366695 0.005882 142142572630476668928.000000
3X6 1300 192 206.904685 0.009402 142143171128705908736.000000
3X6 1300 384 239.363936 0.016255 142143852521791782912.000000
3X6 1400 96 206.255680 0.005470 142144518870532947968.000000
3X6 1400 192 213.351246 0.010576 142145125113984090112.000000
3X6 1400 384 250.989452 0.017979 142145849202178375680.000000
3X6 1500 96 219.897309 0.005890 142146558277061312512.000000
3X6 1500 192 245.834562 0.010537 142147212265572614144.000000
3X6 1500 384 271.611405 0.019073 142147962374059917312.000000
3X6 1600 96 224.863664 0.006553 142148704586176413696.000000
3X6 1600 192 237.416711 0.012414 142149401644650364928.000000
3X6 1600 384 245.279657 0.024032 142150193760265125888.000000
3X6 1700 96 219.307157 0.007586 142150972557333430272.000000
3X6 1700 192 238.733616 0.013937 142151684454200197120.000000
3X6 1700 384 244.158294 0.027255 142152501711752888320.000000
3X6 1800 96 225.517506 0.008271 142153322851884728320.000000
3X6 1800 192 258.578151 0.014427 142154080740678828032.000000
3X6 1800 384 261.469326 0.028534 142154931400943435776.000000
3X6 1900 96 225.416485 0.009220 142155799592189673472.000000
3X6 1900 192 261.538697 0.015893 142156585977385500672.000000
3X6 1900 384 275.548373 0.030169 142157491091439501312.000000
3X6 2000 96 201.013408 0.011456 142158381869071777792.000000
3X6 2000 192 227.130536 0.020278 142159204221190684672.000000
3X6 2000 384 246.843613 0.037317 142160164444125020160.000000
3X6 2100 96 221.927649 0.011440 142161154546078826496.000000
3X6 2100 192 244.226304 0.020792 142162058673988747264.000000
3X6 2100 384 257.158992 0.039492 142163063618245623808.000000
3X6 2200 96 231.541540 0.012035 142164080126770806784.000000
3X6 2200 192 264.347214 0.021083 142164971604102283264.000000
3X6 2200 384 269.316105 0.041387 142166008837068029952.000000
3X6 2300 96 240.003045 0.012690 142167112036340760576.000000
3X6 2300 192 265.244570 0.022965 142168079499210850304.000000
3X6 2300 384 279.021724 0.043663 142169191859424083968.000000
3X6 2400 96 216.609511 0.015310 142170317268865384448.000000
3X6 2400 192 244.261303 0.027154 142171304857327992832.000000
3X6 2400 384 258.418462 0.051333 142172481692417966080.000000
3X6 2500 96 223.517333 0.016100 142173718911780126720.000000
3X6 2500 192 245.625670 0.029301 142174749051581415424.000000
3X6 2500 384 262.956748 0.054740 142175978111481577472.000000
3X6 2600 96 233.128864 0.016696 142177242065082351616.000000
3X6 2600 192 250.603507 0.031063 142178317338263764992.000000
3X6 2600 384 280.170225 0.055570 142179634734889140224.000000
3X6 2700 96 219.948693 0.019084 142180956138823057408.000000
3X6 2700 192 239.705335 0.035022 142182093415636598784.000000
3X6 2700 384 252.000276 0.066627 142183427468286689280.000000
3X6 2800 96 226.524379 0.019928 142184837543019380736.000000
3X6 2800 192 252.663811 0.035733 142186008273271226368.000000
3X6 2800 384 265.491786 0.068013 142187430789475270656.000000
3X6 2900 96 232.589497 0.020820 142188900016173088768.000000
3X6 2900 192 251.715691 0.038476 142190134986223321088.000000
3X6 2900 384 273.443815 0.070837 142191591960096063488.000000
3X6 3000 96 245.404344 0.021117 142193142537752920064.000000
3X6 3000 192 268.865297 0.038549 142194422753599307776.000000
3X6 3000 384 283.649952 0.073080 142195958473247293440.000000
3X6 3100 96 218.458511 0.025330 142197547806044635136.000000
3X6 3100 192 243.817428 0.045391 142198918959467233280.000000
3X6 3100 384 260.127582 0.085090 142200598891536908288.000000
3X6 3200 96 237.108030 0.024868 142202471656441659392.000000
3X6 3200 192 253.723595 0.046479 142204018133433139200.000000
3X6 3200 384 270.609696 0.087157 142205882513077551104.000000
3X6 3300 96 222.252155 0.028215 142207673280981598208.000000
3X6 3300 192 256.936638 0.048812 142209149340850176000.000000
3X6 3300 384 270.543569 0.092713 142210911327437258752.000000
3X6 3400 96 248.966415 0.026737 142212791150594473984.000000
3X6 3400 192 272.307265 0.048890 142214309450332962816.000000
3X6 3400 384 288.580365 0.092267 142216116397692223488.000000
3X6 3500 96 231.521558 0.030468 142218039717692063744.000000
3X6 3500 192 248.938660 0.056672 142219654633560096768.000000
3X6 3500 384 265.881354 0.106122 142221583350513156096.000000
3X6 3600 96 239.912454 0.031107 142223647059831341056.000000
3X6 3600 192 260.816916 0.057227 142225345971400376320.000000
3X6 3600 384 275.843506 0.108219 142227324047269478400.000000
3X6 3700 96 237.160161 0.033240 142229466422099918848.000000
3X6 3700 192 262.898713 0.059972 142231222942626512896.000000
3X6 3700 384 279.731334 0.112727 142233289300161576960.000000
3X6 3800 96 252.431280 0.032941 142235508382226644992.000000
3X6 3800 192 276.905892 0.060058 142237325075498991616.000000
3X6 3800 384 291.229303 0.114209 142239438109549985792.000000
3X6 3900 96 230.548383 0.037991 142241721074018336768.000000
3X6 3900 192 255.040100 0.068685 142243619638563487744.000000
3X6 3900 384 269.481260 0.130008 142245874966796402688.000000
3X6 4000 96 241.678290 0.038124 142248412022336651264.000000
3X6 4000 192 265.057783 0.069522 142250464297741287424.000000
3X6 4000 384 279.339013 0.131936 142252820247070031872.000000
3X6 4100 96 237.965537 0.040679 142255366171146682368.000000
3X6 4100 192 263.564392 0.073456 142257438054314147840.000000
3X6 4100 384 280.456357 0.138064 142259861312189759488.000000
3X6 4200 96 258.233756 0.039337 142262511247455731712.000000
3X6 4200 192 279.964695 0.072568 142264772936065761280.000000
3X6 4200 384 290.307762 0.139965 142267272210526470144.000000
3X6 4300 96 232.648534 0.045768 142270032990439604224.000000
3X6 4300 192 256.983549 0.082867 142272250482994331648.000000
3X6 4300 384 269.535947 0.158016 142274877255624589312.000000
3X6 4400 96 246.204232 0.045283 142277840672577175552.000000
3X6 4400 192 266.531912 0.083658 142280179411135496192.000000
3X6 4400 384 280.275741 0.159112 142282936471887249408.000000
3X6 4500 96 239.329384 0.048725 142286005169736990720.000000
3X6 4500 192 268.166343 0.086971 142288370010636320768.000000
3X6 4500 384 283.152550 0.164737 142291177111423991808.000000
3X6 4600 96 244.917184 0.049754 142294273923019571200.000000
3X6 4600 192 272.688480 0.089373 142296744906358439936.000000
3X6 4600 384 292.850027 0.166440 142299699549730635776.000000
3X6 4700 96 226.989285 0.056043 142303007407741206528.000000
3X6 4700 192 257.339311 0.098867 142305613629902176256.000000
3X6 4700 384 273.910044 0.185771 142308698286253539328.000000
3X6 4800 96 243.250212 0.054546 142312249276706390016.000000
3X6 4800 192 257.183629 0.103181 142315114149094342656.000000
3X6 4800 384 277.777568 0.191063 142319058249716334592.000000
3X6 4900 96 234.774907 0.058894 142322616967900004352.000000
3X6 4900 192 265.436491 0.104183 142325384545899184128.000000
3X6 4900 384 281.209577 0.196678 142328662948852121600.000000
3X6 5000 96 229.029485 0.062861 142332377276749594624.000000
3X6 5000 192 250.490363 0.114951 142335298346651615232.000000
3X6 5000 384 270.665256 0.212766 142338764648295809024.000000
3X7 1000 96 168.582896 0.003413 142345698077907517440.000000
3X7 1000 192 203.790761 0.005647 142346223274226909184.000000
3X7 1000 384 216.843668 0.010615 142346789148713762816.000000
3X7 1100 96 180.841407 0.003850 142347339512103862272.000000
3X7 1100 192 233.156996 0.005973 142347881532300787712.000000
3X7 1100 384 228.139440 0.012209 142348529177203048448.000000
3X7 1200 96 197.691956 0.004192 142349216291485253632.000000
3X7 1200 192 231.132014 0.007171 142349850113117552640.000000
3X7 1200 384 240.748330 0.013770 142350502393923321856.000000
3X7 1300 96 197.269675 0.004931 142351128130045607936.000000
3X7 1300 192 221.353615 0.008789 142351714364979396608.000000
3X7 1300 384 263.600415 0.014760 142352387851173085184.000000
3X7 1400 96 200.086550 0.005638 142353056464534831104.000000
3X7 1400 192 224.026177 0.010072 142353669117528162304.000000
3X7 1400 384 228.739670 0.019728 142354375181550501888.000000
3X7 1500 96 207.612903 0.006238 142355087905380466688.000000
3X7 1500 192 235.107397 0.011017 142355735035056816128.000000
3X7 1500 384 242.261539 0.021384 142356484043525095424.000000
3X7 1600 96 193.535408 0.007614 142357237618975408128.000000
3X7 1600 192 213.349224 0.013814 142357928864259194880.000000
3X7 1600 384 252.101296 0.023382 142358735395469869056.000000
3X7 1700 96 208.003647 0.007998 142359523413069053952.000000
3X7 1700 192 239.002639 0.013922 142360236465846222848.000000
3X7 1700 384 259.547247 0.025639 142361058868966686720.000000
3X7 1800 96 216.001601 0.008635 142361893418281762816.000000
3X7 1800 192 226.015856 0.016505 142362650119011942400.000000
3X7 1800 384 232.196363 0.032131 142363514148459905024.000000
3X7 1900 96 215.746842 0.009633 142364395584486211584.000000
3X7 1900 192 232.856777 0.017850 142365190063294578688.000000
3X7 1900 384 244.665048 0.033977 142366122790902235136.000000
3X7 2000 96 210.655711 0.010932 142367036605339844608.000000
3X7 2000 192 229.933726 0.020031 142367876375915446272.000000
3X7 2000 384 251.071923 0.036688 142368838352756916224.000000
3X7 2100 96 213.588642 0.011887 142369816014026440704.000000
3X7 2100 192 251.050326 0.020227 142370714534928728064.000000
3X7 2100 384 265.684066 0.038225 142371747516790669312.000000
3X7 2200 96 228.120567 0.012215 142372782016450953216.000000
3X7 2200 192 264.712994 0.021054 142373684769109819392.000000
3X7 2200 384 270.336295 0.041231 142374727193800097792.000000
3X7 2300 96 197.501419 0.015421 142375796916991361024.000000
3X7 2300 192 222.889724 0.027329 142376767591899758592.000000
3X7 2300 384 240.824170 0.050588 142377918067061145600.000000
3X7 2400 96 218.103990 0.015205 142379134990795685888.000000
3X7 2400 192 241.466809 0.027469 142380150891762515968.000000
3X7 2400 384 255.100455 0.052001 142381339607978278912.000000
3X7 2500 96 224.219516 0.016049 142382556809434218496.000000
3X7 2500 192 243.528310 0.029554 142383584398790819840.000000
3X7 2500 384 260.829158 0.055186 142384839498241671168.000000
3X7 2600 96 238.461593 0.016322 142386109030459768832.000000
3X7 2600 192 264.043908 0.029482 142387184396658589696.000000
3X7 2600 384 276.658689 0.056275 142388449706534748160.000000
3X7 2700 96 209.559691 0.020030 142389764757073805312.000000
3X7 2700 192 232.476970 0.036111 142390928995588390912.000000
3X7 2700 384 245.597301 0.068364 142392279813223251968.000000
3X7 2800 96 224.970655 0.020066 142393714148818714624.000000
3X7 2800 192 242.630592 0.037211 142394888109361627136.000000
3X7 2800 384 256.825010 0.070308 142396298462756716544.000000
3X7 2900 96 228.259249 0.021215 142397807230316511232.000000
3X7 2900 192 247.677794 0.039103 142399043374702657536.000000
3X7 2900 384 261.960067 0.073942 142400525217418985472.000000
3X7 3000 96 237.590415 0.021812 142402075143223083008.000000
3X7 3000 192 256.601986 0.040392 142403354341251940352.000000
3X7 3000 384 277.453784 0.074712 142404904258851110912.000000
3X7 3100 96 231.287013 0.023925 142406525483998937088.000000
3X7 3100 192 256.735369 0.043107 142407879057531289600.000000
3X7 3100 384 276.521141 0.080046 142409496730532003840.000000
3X7 3200 96 225.521364 0.026146 142411328856405180416.000000
3X7 3200 192 247.867934 0.047577 142412879791873294336.000000
3X7 3200 384 258.289413 0.091315 142414711875288858624.000000
3X7 3300 96 228.836587 0.027403 142416557769545367552.000000
3X7 3300 192 248.390325 0.050491 142418031459782082560.000000
3X7 3300 384 264.270553 0.094914 142419799944884027392.000000
3X7 3400 96 241.176149 0.027601 142421701083009794048.000000
3X7 3400 192 258.212352 0.051559 142423266204262727680.000000
3X7 3400 384 275.273026 0.096727 142425082205899948032.000000
3X7 3500 96 237.464264 0.029705 142427044891331428352.000000
3X7 3500 192 255.441530 0.055230 142428676899173023744.000000
3X7 3500 384 280.615269 0.100550 142430591958187638784.000000
3X7 3600 96 228.513919 0.032658 142432673373558767616.000000
3X7 3600 192 246.804670 0.060476 142434380660795015168.000000
3X7 3600 384 260.558623 0.114567 142436412624091824128.000000
3X7 3700 96 226.137389 0.034861 142438600708839882752.000000
3X7 3700 192 248.655025 0.063408 142440335187825295360.000000
3X7 3700 384 263.709509 0.119576 142442455722842456064.000000
3X7 3800 96 236.046897 0.035227 142444747940571086848.000000
3X7 3800 192 261.447327 0.063609 142446627862653075456.000000
3X7 3800 384 271.297457 0.122600 142448829528296636416.000000
3X7 3900 96 236.196720 0.037082 142451180168518238208.000000
3X7 3900 192 261.547393 0.066976 142453076077569048576.000000
3X7 3900 384 275.829452 0.127016 142455439417226887168.000000
3X7 4000 96 242.137671 0.038051 142458017684809973760.000000
3X7 4000 192 273.867933 0.067286 142460133222137921536.000000
3X7 4000 384 286.839159 0.128486 142462617272426381312.000000
3X7 4100 96 223.056757 0.043398 142465194650870349824.000000
3X7 4100 192 243.742911 0.079430 142467258440226340864.000000
3X7 4100 384 263.886649 0.146733 142469734424953733120.000000
3X7 4200 96 229.941140 0.044177 142472487923753500672.000000
3X7 4200 192 259.606840 0.078258 142474723389568237568.000000
3X7 4200 384 264.560731 0.153586 142477286487411326976.000000
3X7 4300 96 230.791090 0.046136 142480150784362414080.000000
3X7 4300 192 256.184435 0.083126 142482371202005123072.000000
3X7 4300 384 274.521970 0.155146 142485001354449600512.000000
3X7 4400 96 243.289916 0.045825 142487949860266983424.000000
3X7 4400 192 270.584719 0.082405 142490252984555012096.000000
3X7 4400 384 283.176248 0.157482 142492965884233711616.000000
3X7 4500 96 219.424350 0.053145 142495935930030768128.000000
3X7 4500 192 246.338429 0.094678 142498327532503302144.000000
3X7 4500 384 262.966357 0.177383 142501189340769779712.000000
3X7 4600 96 233.118956 0.052272 142504393834011164672.000000
3X7 4600 192 256.961651 0.094843 142506959336846065664.000000
3X7 4600 384 271.481993 0.179541 142509908224513015808.000000
3X7 4700 96 228.029496 0.055787 142513222168923324416.000000
3X7 4700 192 252.021102 0.100953 142515874357232304128.000000
3X7 4700 384 270.622144 0.188028 142519015465209692160.000000
3X7 4800 96 237.322962 0.055908 142522531646627446784.000000
3X7 4800 192 265.294397 0.100027 142525332066916188160.000000
3X7 4800 384 278.854485 0.190325 142528603173703090176.000000
3X7 4900 96 230.401090 0.060012 142532128855901241344.000000
3X7 4900 192 258.863910 0.106828 142534958043356643328.000000
3X7 4900 384 279.205883 0.198089 142538253456855678976.000000
3X7 5000 96 223.969959 0.064281 142541883785775120384.000000
3X7 5000 192 254.685035 0.113058 142544822942095278080.000000
3X7 5000 384 267.918943 0.214947 142548256094013194240.000000
