2x1 1000 96 123.462151 0.004661 4764203183267431424.000000
2x1 1000 96 131.018959 0.004392 4764577625962306560.000000
2x1 1000 96 121.024539 0.004755 4764940932459341824.000000
2x1 1000 96 136.812581 0.004206 4765319511915612160.000000
2x1 1000 96 124.683483 0.004615 4765684085535784960.000000
2x1 1000 192 116.268941 0.009898 4766205400748116992.000000
2x1 1000 192 73.620348 0.015632 4766624973680739328.000000
2x1 1000 192 95.766503 0.012017 4767081029382735872.000000
2x1 1000 192 68.543616 0.016790 4767507245303832576.000000
2x1 1000 192 69.447198 0.016572 4767957817351697408.000000
2x1 1000 384 48.182854 0.047770 4768579216219827200.000000
2x1 1000 384 48.887443 0.047082 4769235674273404928.000000
2x1 1000 384 53.060701 0.043379 4769891374989418496.000000
2x1 1000 384 58.247732 0.039516 4770527462413615104.000000
2x1 1000 384 48.985893 0.046987 4771128312373972992.000000
2x1 2000 96 222.383557 0.010355 4772101886200493056.000000
2x1 2000 96 204.485099 0.011262 4772513329763921920.000000
2x1 2000 96 226.879855 0.010150 4772928964085540864.000000
2x1 2000 96 212.015469 0.010862 4773339031073037312.000000
2x1 2000 96 213.576497 0.010782 4773746883910244352.000000
2x1 2000 192 153.235582 0.030056 4774540532676958208.000000
2x1 2000 192 162.835323 0.028284 4775080995958739968.000000
2x1 2000 192 167.077532 0.027566 4775627350241820672.000000
2x1 2000 192 170.449254 0.027021 4776146393627069440.000000
2x1 2000 192 149.582679 0.030790 4776659420807814144.000000
2x1 2000 384 126.373029 0.072890 4777658373961069568.000000
2x1 2000 384 118.036553 0.078038 4778472396409970688.000000
2x1 2000 384 118.163252 0.077955 4779313554249508864.000000
2x1 2000 384 123.201099 0.074767 4780157675858504704.000000
2x1 2000 384 123.681285 0.074477 4780980183183779840.000000
2x1 3000 96 238.051330 0.021770 4782522225973875712.000000
2x1 3000 96 229.509888 0.022580 4783002981553037312.000000
2x1 3000 96 261.196051 0.019841 4783483110943432704.000000
2x1 3000 96 255.781092 0.020261 4783947095598632960.000000
2x1 3000 96 259.391265 0.019979 4784413724074503168.000000
2x1 3000 192 186.786803 0.055489 4785648454092770304.000000
2x1 3000 192 199.920723 0.051843 4786343679920404480.000000
2x1 3000 192 202.959728 0.051067 4787014585499657216.000000
2x1 3000 192 178.334350 0.058119 4787678567431260160.000000
2x1 3000 192 230.896748 0.044888 4788386055715885056.000000
2x1 3000 384 77.947743 0.265936 4789905247735925760.000000
2x1 3000 384 89.262268 0.232227 4791948736785752064.000000
2x1 3000 384 74.832790 0.277005 4793771972675392512.000000
2x1 3000 384 71.864356 0.288447 4795883683923406848.000000
2x1 3000 384 77.207199 0.268486 4798067259007823872.000000
2x1 4000 96 254.340943 0.036226 4801421719755288576.000000
2x1 4000 96 267.892083 0.034393 4801989083630935040.000000
2x1 4000 96 253.257409 0.036381 4802542655104055296.000000
2x1 4000 96 268.155941 0.034359 4803110984182840320.000000
2x1 4000 96 269.399746 0.034201 4803664321748771840.000000
2x1 4000 192 206.687411 0.089156 4805590803450847232.000000
2x1 4000 192 205.631916 0.089613 4806498068045485056.000000
2x1 4000 192 203.771902 0.090431 4807407039494436864.000000
2x1 4000 192 203.020252 0.090766 4808321273099923456.000000
2x1 4000 192 204.518399 0.090101 4809239001546838016.000000
2x1 4000 384 126.865265 0.290503 4811687494685212672.000000
2x1 4000 384 126.533081 0.291266 4813873552150311936.000000
2x1 4000 384 136.628320 0.269745 4816061602216908800.000000
2x1 4000 384 130.833107 0.281693 4818111987432788992.000000
2x1 4000 384 226.815852 0.162488 4820238824356847616.000000
2x1 5000 96 248.725811 0.057883 4823560492017965056.000000
2x1 5000 96 253.486997 0.056796 4824260563726960640.000000
2x1 5000 96 257.648225 0.055879 4824947695468603392.000000
2x1 5000 96 253.717842 0.056745 4825632846371936256.000000
2x1 5000 96 253.822306 0.056721 4826322299611072512.000000
2x1 5000 192 122.260395 0.235516 4829135398964815872.000000
2x1 5000 192 114.834980 0.250745 4830977182187929600.000000
2x1 5000 192 113.986343 0.252611 4832914793227042816.000000
2x1 5000 192 107.389017 0.268130 4834864936835142656.000000
2x1 5000 192 109.922545 0.261950 4836914654300654592.000000
2x1 5000 384 195.632609 0.294371 4841244044343398400.000000
2x1 5000 384 197.576895 0.291474 4843461259093325824.000000
2x1 5000 384 196.888498 0.292493 4845659017997832192.000000
2x1 5000 384 208.278658 0.276497 4847863409132419072.000000
2x1 5000 384 232.059424 0.248163 4849965152739329024.000000
2x2 1000 96 128.764596 0.004469 4854471114056432640.000000
2x2 1000 96 157.156809 0.003661 4854854703842052096.000000
2x2 1000 96 121.027263 0.004754 4855224535868361728.000000
2x2 1000 96 122.245709 0.004707 4855600373756770304.000000
2x2 1000 96 125.262913 0.004594 4855984715599952896.000000
2x2 1000 192 106.948610 0.010761 4856496590985558016.000000
2x2 1000 192 125.432942 0.009175 4856920163853980672.000000
2x2 1000 192 123.997452 0.009281 4857324425324967936.000000
2x2 1000 192 80.950266 0.014217 4857731257477425152.000000
2x2 1000 192 117.726548 0.009776 4858168847919550464.000000
2x2 1000 384 64.499332 0.035686 4858741401990118400.000000
2x2 1000 384 62.147467 0.037036 4859319562031609856.000000
2x2 1000 384 64.729805 0.035559 4859905809151097856.000000
2x2 1000 384 67.148702 0.034278 4860480628475956224.000000
2x2 1000 384 70.278279 0.032751 4861044891954941952.000000
2x2 2000 96 201.366603 0.011436 4861918522253662208.000000
2x2 2000 96 215.502997 0.010686 4862341245413326848.000000
2x2 2000 96 216.407496 0.010641 4862761312937923584.000000
2x2 2000 96 205.432299 0.011210 4863176813947547648.000000
2x2 2000 96 206.152893 0.011171 4863595638201803776.000000
2x2 2000 192 168.777137 0.027289 4864387268895025152.000000
2x2 2000 192 191.575121 0.024041 4864914357316671488.000000
2x2 2000 192 199.241000 0.023116 4865416764030751744.000000
2x2 2000 192 168.803303 0.027284 4865909496300514304.000000
2x2 2000 192 170.043523 0.027085 4866430769381649408.000000
2x2 2000 384 145.863174 0.063151 4867408797806348288.000000
2x2 2000 384 136.853390 0.067308 4868166831656445952.000000
2x2 2000 384 137.640803 0.066923 4868943440948815872.000000
2x2 2000 384 136.739593 0.067364 4869718069274884096.000000
2x2 2000 384 138.818788 0.066356 4870496641587953664.000000
2x2 3000 96 260.288778 0.019910 4871955857009394688.000000
2x2 3000 96 248.251136 0.020875 4872436056690987008.000000
2x2 3000 96 246.974919 0.020983 4872912800097549312.000000
2x2 3000 96 247.091829 0.020973 4873395289692622848.000000
2x2 3000 96 263.000097 0.019704 4873871240971226112.000000
2x2 3000 192 205.354970 0.050471 4875110061690085376.000000
2x2 3000 192 205.352525 0.050472 4875782629099656192.000000
2x2 3000 192 198.827612 0.052128 4876449914551092224.000000
2x2 3000 192 206.783025 0.050123 4877126839586046976.000000
2x2 3000 192 203.984018 0.050811 4877791187597628416.000000
2x2 3000 384 102.183681 0.202861 4879353809420297216.000000
2x2 3000 384 103.802358 0.199698 4880997189690128384.000000
2x2 3000 384 137.892477 0.150328 4882616926249142272.000000
2x2 3000 384 105.243538 0.196963 4883923149249430528.000000
2x2 3000 384 104.225656 0.198887 4885523838884595712.000000
2x2 4000 96 258.569320 0.035633 4888409099905131520.000000
2x2 4000 96 253.748197 0.036310 4888981922692491264.000000
2x2 4000 96 254.261315 0.036237 4889552709428747264.000000
2x2 4000 96 258.475428 0.035646 4890128239076775936.000000
2x2 4000 96 254.709883 0.036173 4890695907304392704.000000
2x2 4000 192 216.970096 0.084931 4892652783404949504.000000
2x2 4000 192 217.614554 0.084679 4893543926790792192.000000
2x2 4000 192 211.820773 0.086995 4894428412660168704.000000
2x2 4000 192 219.537636 0.083937 4895327506599214080.000000
2x2 4000 192 212.496343 0.086719 4896209884539094016.000000
2x2 4000 384 193.608286 0.190357 4898668389504171008.000000
2x2 4000 384 225.248261 0.163619 4900219687769004032.000000
2x2 4000 384 193.602783 0.190363 4901598015520885760.000000
2x2 4000 384 260.757646 0.141337 4903151663692803072.000000
2x2 4000 384 260.157379 0.141663 4904397656936105984.000000
2x2 5000 96 266.373587 0.054049 4907592350555569152.000000
2x2 5000 96 267.044571 0.053913 4908272834892745728.000000
2x2 5000 96 261.302998 0.055097 4908950171089278976.000000
2x2 5000 96 267.594449 0.053802 4909635956053390336.000000
2x2 5000 96 262.772298 0.054789 4910316040601786368.000000
2x2 5000 192 146.033678 0.197175 4913115306023422976.000000
2x2 5000 192 146.433295 0.196637 4914709670129305600.000000
2x2 5000 192 143.311214 0.200921 4916298141006680064.000000
2x2 5000 192 244.600855 0.117719 4917916005245788160.000000
2x2 5000 192 143.905814 0.200091 4919001394625118208.000000
2x2 5000 384 235.127670 0.244924 4922937078338721792.000000
2x2 5000 384 235.042006 0.245014 4924841782505897984.000000
2x2 5000 384 233.392272 0.246745 4926740071338984448.000000
2x2 5000 384 239.566851 0.240386 4928658232414277632.000000
2x2 5000 384 236.955012 0.243036 4930530883021442048.000000
2x3 1000 96 133.670446 0.004305 4935009427059916800.000000
2x3 1000 96 125.911695 0.004570 4935376621262357504.000000
2x3 1000 96 132.781339 0.004334 4935751839573200896.000000
2x3 1000 96 135.217781 0.004256 4936114615311856640.000000
2x3 1000 96 132.797029 0.004333 4936487998429186048.000000
2x3 1000 192 75.652441 0.015212 4936973666808169472.000000
2x3 1000 192 119.031294 0.009668 4937428061895785472.000000
2x3 1000 192 111.479670 0.010323 4937838240460874752.000000
2x3 1000 192 114.359486 0.010063 4938252932024141824.000000
2x3 1000 192 99.968850 0.011512 4938667969884988416.000000
2x3 1000 384 65.218251 0.035292 4939254577894059008.000000
2x3 1000 384 62.032403 0.037105 4939823482761562112.000000
2x3 1000 384 62.917603 0.036583 4940403050956636160.000000
2x3 1000 384 62.712333 0.036702 4940973509692906496.000000
2x3 1000 384 67.696268 0.034000 4941544129683580928.000000
2x3 2000 96 216.987747 0.010613 4942419083143834624.000000
2x3 2000 96 215.868376 0.010668 4942836481990164480.000000
2x3 2000 96 209.603286 0.010987 4943248160606380032.000000
2x3 2000 96 218.171607 0.010555 4943663259369624576.000000
2x3 2000 96 217.942003 0.010566 4944073721633901568.000000
2x3 2000 192 166.793188 0.027613 4944869410822918144.000000
2x3 2000 192 166.070172 0.027733 4945397299385324544.000000
2x3 2000 192 169.112851 0.027234 4945920385125499904.000000
2x3 2000 192 169.557551 0.027163 4946437818629298176.000000
2x3 2000 192 165.107044 0.027895 4946956582596960256.000000
2x3 2000 384 145.133138 0.063469 4947950252435274752.000000
2x3 2000 384 139.041550 0.066249 4948708651123756032.000000
2x3 2000 384 139.939867 0.065824 4949477304954120192.000000
2x3 2000 384 139.069068 0.066236 4950242846490245120.000000
2x3 2000 384 138.656478 0.066433 4951011660467804160.000000
2x3 3000 96 247.701366 0.020921 4952483971741388800.000000
2x3 3000 96 239.637062 0.021626 4952964905573342208.000000
2x3 3000 96 248.679553 0.020839 4953441235520727040.000000
2x3 3000 96 247.006902 0.020980 4953918171496877056.000000
2x3 3000 96 248.095006 0.020888 4954389930718091264.000000
2x3 3000 192 207.845537 0.049867 4955635166137430016.000000
2x3 3000 192 205.596457 0.050412 4956300120696183808.000000
2x3 3000 192 201.950784 0.051322 4956966280586074112.000000
2x3 3000 192 199.081630 0.052062 4957637646402105344.000000
2x3 3000 192 197.737456 0.052416 4958317135872130048.000000
2x3 3000 384 155.096776 0.133653 4959895304951622656.000000
2x3 3000 384 106.399718 0.194823 4961096954305939456.000000
2x3 3000 384 125.630529 0.165000 4962688511698366464.000000
2x3 3000 384 135.127645 0.153404 4964087495890817024.000000
2x3 3000 384 103.869421 0.199569 4965411360560619520.000000
2x3 4000 96 254.601851 0.036189 4968299551001808896.000000
2x3 4000 96 259.676122 0.035481 4968866809738245120.000000
2x3 4000 96 252.794779 0.036447 4969425412603116544.000000
2x3 4000 96 255.390061 0.036077 4969999046840035328.000000
2x3 4000 96 274.216196 0.033600 4970560726031151104.000000
2x3 4000 192 223.050416 0.082615 4972502544647659520.000000
2x3 4000 192 107.366251 0.171631 4973376748757549056.000000
2x3 4000 192 216.233081 0.085220 4974818763207050240.000000
2x3 4000 192 218.845635 0.084203 4975708471706555392.000000
2x3 4000 192 222.190918 0.082935 4976591517358411776.000000
2x3 4000 384 194.761547 0.189230 4979024663137554432.000000
2x3 4000 384 248.824299 0.148116 4980567653588405248.000000
2x3 4000 384 257.178870 0.143304 4981842595265457152.000000
2x3 4000 384 213.179188 0.172882 4983091772297398272.000000
2x3 4000 384 195.638755 0.188382 4984528075713581056.000000
2x3 5000 96 272.811670 0.052773 4988314066852284416.000000
2x3 5000 96 258.696418 0.055653 4989007233556828160.000000
2x3 5000 96 266.306110 0.054062 4989710733214451712.000000
2x3 5000 96 259.980630 0.055378 4990392628860356608.000000
2x3 5000 96 247.088043 0.058267 4991085433664121856.000000
2x3 5000 192 131.041001 0.219735 4993956951082141696.000000
2x3 5000 192 145.549045 0.197832 4995700710258951168.000000
2x3 5000 192 141.569993 0.203392 4997303047055636480.000000
2x3 5000 192 137.131225 0.209976 4998944317283973120.000000
2x3 5000 192 135.142925 0.213065 5000622075548881920.000000
2x3 5000 384 234.914182 0.245147 5004642637677457408.000000
2x3 5000 384 236.507863 0.243495 5006549910874892288.000000
2x3 5000 384 206.351760 0.279079 5008440045794786304.000000
2x3 5000 384 239.520489 0.240432 5010563184933429248.000000
2x3 5000 384 234.710664 0.245359 5012438819361245184.000000
3x1 1000 96 106.381594 0.005409 5016921595149916160.000000
3x1 1000 96 145.140676 0.003965 5017306331725874176.000000
3x1 1000 96 143.946758 0.003997 5017678577435251712.000000
3x1 1000 96 151.435418 0.003800 5018054142325280768.000000
3x1 1000 96 149.600588 0.003846 5018425443593111552.000000
3x1 1000 192 76.746567 0.014995 5018919406179617792.000000
3x1 1000 192 77.954850 0.014763 5019373666496104448.000000
3x1 1000 192 93.914300 0.012254 5019834508341862400.000000
3x1 1000 192 106.192466 0.010837 5020273795052696576.000000
3x1 1000 192 131.121287 0.008777 5020702344823271424.000000
3x1 1000 384 73.974973 0.031115 5021272540577161216.000000
3x1 1000 384 67.672643 0.034012 5021825607397508096.000000
3x1 1000 384 71.163607 0.032344 5022393247964324864.000000
3x1 1000 384 70.871726 0.032477 5022950024019686400.000000
3x1 1000 384 79.393283 0.028991 5023507242852628480.000000
3x1 2000 96 215.393062 0.010691 5024370013241487360.000000
3x1 2000 96 202.859030 0.011352 5024787183883019264.000000
3x1 2000 96 208.355451 0.011052 5025204139849381888.000000
3x1 2000 96 205.967734 0.011181 5025616833671941120.000000
3x1 2000 96 209.751626 0.010979 5026031320972820480.000000
3x1 2000 192 171.707102 0.026823 5026834111409482752.000000
3x1 2000 192 185.807329 0.024787 5027354423697065984.000000
3x1 2000 192 171.336050 0.026881 5027859933348593664.000000
3x1 2000 192 173.724538 0.026511 5028376721911550976.000000
3x1 2000 192 211.847568 0.021741 5028891308407421952.000000
3x1 2000 384 125.538425 0.073375 5029839217268826112.000000
3x1 2000 384 141.448585 0.065122 5030662121317282816.000000
3x1 2000 384 140.310412 0.065650 5031426816031045632.000000
3x1 2000 384 132.702816 0.069414 5032195946859790336.000000
3x1 2000 384 134.431642 0.068521 5032988388714568704.000000
3x1 3000 96 248.360533 0.020866 5034502808421246976.000000
3x1 3000 96 246.394319 0.021032 5034984921369940992.000000
3x1 3000 96 239.084102 0.021676 5035462634101258240.000000
3x1 3000 96 264.272476 0.019610 5035950783081649152.000000
3x1 3000 96 264.319599 0.019606 5036423589899609088.000000
3x1 3000 192 233.805304 0.044330 5037671651942804480.000000
3x1 3000 192 198.608746 0.052186 5038306589024657408.000000
3x1 3000 192 202.634374 0.051149 5038982340946070528.000000
3x1 3000 192 186.603188 0.055543 5039658144573081600.000000
3x1 3000 192 207.718235 0.049897 5040358962362041344.000000
3x1 3000 384 168.126489 0.123295 5041917997477687296.000000
3x1 3000 384 165.280113 0.125418 5043058195308680192.000000
3x1 3000 384 164.017238 0.126384 5044206273881674752.000000
3x1 3000 384 114.361517 0.181259 5045360815251145728.000000
3x1 3000 384 168.806315 0.122798 5046865896564694016.000000
3x1 4000 96 260.738041 0.035337 5049312024679185408.000000
3x1 4000 96 260.042196 0.035432 5049883385405818880.000000
3x1 4000 96 261.729172 0.035203 5050451367003019264.000000
3x1 4000 96 260.702629 0.035342 5051020449726564352.000000
3x1 4000 96 275.124226 0.033489 5051588836053346304.000000
3x1 4000 192 222.585512 0.082788 5053512885800342528.000000
3x1 4000 192 224.819635 0.081965 5054386739011056640.000000
3x1 4000 192 205.002846 0.089888 5055257619319506944.000000
3x1 4000 192 202.333233 0.091074 5056175081577614336.000000
3x1 4000 192 144.797249 0.127263 5057099514184213504.000000
3x1 4000 384 196.743438 0.187324 5059791587585608704.000000
3x1 4000 384 267.093396 0.137985 5061329093716732928.000000
3x1 4000 384 195.247876 0.188759 5062551934596392960.000000
3x1 4000 384 194.903166 0.189093 5064101406218117120.000000
3x1 4000 384 197.322331 0.186775 5065650317673472000.000000
3x1 5000 96 263.401503 0.054658 5069173161740530688.000000
3x1 5000 96 263.524461 0.054633 5069862127728479232.000000
3x1 5000 96 267.393732 0.053842 5070545417300718592.000000
3x1 5000 96 279.096682 0.051585 5071224720345153536.000000
3x1 5000 96 265.493359 0.054228 5071887680644803584.000000
3x1 5000 192 153.009872 0.188186 5074683565842609152.000000
3x1 5000 192 158.733047 0.181400 5076223858591193088.000000
3x1 5000 192 152.519674 0.188790 5077713888065494016.000000
3x1 5000 192 156.947560 0.183464 5079254464449262592.000000
3x1 5000 192 130.238002 0.221089 5080762072297083904.000000
3x1 5000 384 252.887559 0.227724 5084819955710188544.000000
3x1 5000 384 254.359628 0.226406 5086613234449326080.000000
3x1 5000 384 254.211518 0.226538 5088393593713903616.000000
3x1 5000 384 252.991710 0.227630 5090177697144702976.000000
3x1 5000 384 252.850662 0.227757 5091966998008833024.000000
3x2 1000 96 140.341669 0.004100 5096378081583484928.000000
3x2 1000 96 150.025225 0.003836 5096749056828935168.000000
3x2 1000 96 145.312834 0.003960 5097119651268005888.000000
3x2 1000 96 141.277821 0.004073 5097488995543938048.000000
3x2 1000 96 138.761778 0.004147 5097863305976422400.000000
3x2 1000 192 121.387084 0.009481 5098355819871796224.000000
3x2 1000 192 73.107182 0.015742 5098761885093092352.000000
3x2 1000 192 125.972158 0.009136 5099208023445185536.000000
3x2 1000 192 100.766425 0.011421 5099613506848911360.000000
3x2 1000 192 110.951769 0.010373 5100029916300089344.000000
3x2 1000 384 73.179072 0.031453 5100607226536827904.000000
3x2 1000 384 70.592206 0.032606 5101157586835707904.000000
3x2 1000 384 72.341233 0.031817 5101718758750047232.000000
3x2 1000 384 71.257600 0.032301 5102264704687553536.000000
3x2 1000 384 69.436055 0.033148 5102812604205757440.000000
3x2 2000 96 221.171601 0.010412 5103687490178013184.000000
3x2 2000 96 207.940286 0.011075 5104108496076962816.000000
3x2 2000 96 219.633414 0.010485 5104533030935740416.000000
3x2 2000 96 244.044958 0.009436 5104961624731908096.000000
3x2 2000 96 213.274535 0.010798 5105366842881245184.000000
3x2 2000 192 189.571309 0.024295 5106159672582404096.000000
3x2 2000 192 170.578604 0.027000 5106669168825730048.000000
3x2 2000 192 168.828054 0.027280 5107186139884675072.000000
3x2 2000 192 203.517173 0.022631 5107710812364045312.000000
3x2 2000 192 170.858599 0.026956 5108201024550735872.000000
3x2 2000 384 135.702883 0.067879 5109177552373908480.000000
3x2 2000 384 136.699248 0.067384 5109960166478780416.000000
3x2 2000 384 143.161228 0.064343 5110737792065498112.000000
3x2 2000 384 141.555588 0.065073 5111494511515661312.000000
3x2 2000 384 143.950713 0.063990 5112258119138281472.000000
3x2 3000 96 244.382181 0.021206 5113729342981520384.000000
3x2 3000 96 258.894420 0.020017 5114210757773449216.000000
3x2 3000 96 238.907530 0.021692 5114681166133932032.000000
3x2 3000 96 247.991242 0.020897 5115166601124057088.000000
3x2 3000 96 247.241272 0.020960 5115642528620262400.000000
3x2 3000 192 241.082380 0.042992 5116879190996827136.000000
3x2 3000 192 207.315347 0.049994 5117501281160923136.000000
3x2 3000 192 205.894651 0.050339 5118164397780567040.000000
3x2 3000 192 185.244088 0.055951 5118832845676745728.000000
3x2 3000 192 210.055577 0.049342 5119562814139447296.000000
3x2 3000 384 122.521301 0.169188 5121127557498010624.000000
3x2 3000 384 139.692439 0.148391 5122557057042538496.000000
3x2 3000 384 122.199024 0.169634 5123849678891502592.000000
3x2 3000 384 153.673524 0.134890 5125277929252091904.000000
3x2 3000 384 119.429235 0.173568 5126484204372577280.000000
3x2 4000 96 278.107167 0.033130 5129204204057377792.000000
3x2 4000 96 275.761365 0.033412 5129756257764172800.000000
3x2 4000 96 262.378739 0.035116 5130308828622946304.000000
3x2 4000 96 254.740172 0.036169 5130874460517864448.000000
3x2 4000 96 261.961120 0.035172 5131444908815741952.000000
3x2 4000 192 220.792133 0.083460 5133402728513050624.000000
3x2 4000 192 209.301337 0.088042 5134281722120300544.000000
3x2 4000 192 212.485636 0.086723 5135188065505385472.000000
3x2 4000 192 219.833512 0.083824 5136083572814209024.000000
3x2 4000 192 219.026419 0.084133 5136963369576620032.000000
3x2 4000 384 212.656554 0.173307 5139397244584523776.000000
3x2 4000 384 213.731487 0.172435 5140851800966197248.000000
3x2 4000 384 132.952918 0.277202 5142294484241263616.000000
3x2 4000 384 269.385153 0.136811 5144414042029685760.000000
3x2 4000 384 272.262129 0.135365 5145636513667745792.000000
3x2 5000 96 265.048009 0.054319 5148876954497738752.000000
3x2 5000 96 281.384030 0.051165 5149560719897152512.000000
3x2 5000 96 267.999132 0.053721 5150218954897840128.000000
3x2 5000 96 264.011655 0.054532 5150895639472006144.000000
3x2 5000 96 269.139980 0.053493 5151580594477757440.000000
3x2 5000 192 152.522717 0.188787 5154362122607482880.000000
3x2 5000 192 156.770254 0.183672 5155922765927849984.000000
3x2 5000 192 143.349890 0.200867 5157440213909578752.000000
3x2 5000 192 154.923922 0.185861 5159066368061869056.000000
3x2 5000 192 148.952673 0.193311 5160602891306642432.000000
3x2 5000 384 221.745411 0.259705 5164504592724357120.000000
3x2 5000 384 259.714582 0.221738 5166507912489791488.000000
3x2 5000 384 257.942285 0.223261 5168259888606993408.000000
3x2 5000 384 256.381940 0.224620 5170025001414736896.000000
3x2 5000 384 256.606157 0.224424 5171799542113209344.000000
3x3 1000 96 143.511608 0.004010 5176185116658732032.000000
3x3 1000 96 147.013069 0.003914 5176562680204653568.000000
3x3 1000 96 141.826393 0.004057 5176945013907135488.000000
3x3 1000 96 149.033151 0.003861 5177322201856278528.000000
3x3 1000 96 145.586477 0.003952 5177692593357756416.000000
3x3 1000 192 99.885823 0.011522 5178210118784681984.000000
3x3 1000 192 100.964696 0.011399 5178653794711298048.000000
3x3 1000 192 93.982358 0.012245 5179081886369891328.000000
3x3 1000 192 119.161518 0.009658 5179509937746890752.000000
3x3 1000 192 113.453140 0.010144 5179922720126253056.000000
3x3 1000 384 87.451124 0.026320 5180501595182109696.000000
3x3 1000 384 90.475322 0.025440 5181021651616906240.000000
3x3 1000 384 88.191742 0.026099 5181531754701799424.000000
3x3 1000 384 86.731912 0.026538 5182045124320931840.000000
3x3 1000 384 86.750715 0.026532 5182559961370388480.000000
3x3 2000 96 230.867972 0.009975 5183396842570138624.000000
3x3 2000 96 224.843805 0.010242 5183813032526942208.000000
3x3 2000 96 224.541500 0.010256 5184221322036123648.000000
3x3 2000 96 207.745888 0.011085 5184636047960982528.000000
3x3 2000 96 222.789816 0.010336 5185051909335392256.000000
3x3 2000 192 178.578447 0.025791 5185847195017229312.000000
3x3 2000 192 179.327047 0.025683 5186359717270001664.000000
3x3 2000 192 180.305489 0.025544 5186869214217327616.000000
3x3 2000 192 180.044548 0.025581 5187379625532605440.000000
3x3 2000 192 178.291075 0.025832 5187890895407843328.000000
3x3 2000 384 151.204581 0.060920 5188859765010599936.000000
3x3 2000 384 147.200172 0.062577 5189602434234261504.000000
3x3 2000 384 149.921930 0.061441 5190346724635452416.000000
3x3 2000 384 147.626299 0.062397 5191086105846481920.000000
3x3 2000 384 150.609228 0.061161 5191830195940476928.000000
3x3 3000 96 268.200820 0.019322 5193265586831910912.000000
3x3 3000 96 265.756557 0.019500 5193736275960389632.000000
3x3 3000 96 265.508206 0.019518 5194202378330669056.000000
3x3 3000 96 270.361250 0.019168 5194671558083208192.000000
3x3 3000 96 250.188404 0.020713 5195138046763885568.000000
3x3 3000 192 208.130232 0.049798 5196390927098039296.000000
3x3 3000 192 207.610064 0.049923 5197058152696676352.000000
3x3 3000 192 233.733233 0.044343 5197720880817142784.000000
3x3 3000 192 210.546656 0.049227 5198350557073659904.000000
3x3 3000 192 202.036233 0.051300 5199008157763979264.000000
3x3 3000 384 150.968776 0.137307 5200580405096567808.000000
3x3 3000 384 148.233829 0.139840 5201807664209604608.000000
3x3 3000 384 136.476246 0.151888 5203044610502957056.000000
3x3 3000 384 154.364599 0.134287 5204361742046700544.000000
3x3 3000 384 146.521400 0.141475 5205560604668356608.000000
3x3 4000 96 259.171271 0.035551 5208082124823881728.000000
3x3 4000 96 257.318156 0.035807 5208652528020961280.000000
3x3 4000 96 263.394408 0.034981 5209223810430795776.000000
3x3 4000 96 257.094597 0.035838 5209789627663305728.000000
3x3 4000 96 257.580501 0.035770 5210357189522926592.000000
3x3 4000 192 220.281644 0.083654 5212318735639251968.000000
3x3 4000 192 230.966101 0.079784 5213195959704189952.000000
3x3 4000 192 230.801779 0.079841 5214047995335190528.000000
3x3 4000 192 220.052266 0.083741 5214899165353433088.000000
3x3 4000 192 156.498986 0.117748 5215775920887191552.000000
3x3 4000 384 230.350000 0.159995 5218399057101634560.000000
3x3 4000 384 274.125971 0.134445 5219761447369513984.000000
3x3 4000 384 231.510819 0.159192 5220959772455196672.000000
3x3 4000 384 228.498296 0.161291 5222316790563341312.000000
3x3 4000 384 274.835459 0.134098 5223688529297961984.000000
3x3 5000 96 267.732555 0.053774 5226869506252511232.000000
3x3 5000 96 265.425030 0.054242 5227551306589621248.000000
3x3 5000 96 260.005618 0.055372 5228230193000477696.000000
3x3 5000 96 281.043277 0.051227 5228920103673181184.000000
3x3 5000 96 265.711729 0.054183 5229583622001605632.000000
3x3 5000 192 184.344328 0.156198 5232373020249337856.000000
3x3 5000 192 178.000778 0.161765 5233709232380926976.000000
3x3 5000 192 180.114418 0.159866 5235078454827665408.000000
3x3 5000 192 184.278748 0.156254 5236439618202807296.000000
3x3 5000 192 181.181613 0.158925 5237774537227262976.000000
3x3 5000 384 260.995633 0.220649 5241468209612174336.000000
3x3 5000 384 262.688468 0.219227 5243216054958383104.000000
3x3 5000 384 261.415663 0.220295 5244950639018855424.000000
3x3 5000 384 264.309001 0.217883 5246693481542913024.000000
3x3 5000 384 263.615937 0.218456 5248423675133203456.000000
4x1 1000 96 115.725782 0.004972 5252772932451742720.000000
4x1 1000 96 127.543589 0.004512 5253155774231001088.000000
4x1 1000 96 119.683196 0.004808 5253545539677110272.000000
4x1 1000 96 129.744267 0.004435 5253927450819613696.000000
4x1 1000 96 134.034083 0.004293 5254315040457833472.000000
4x1 1000 192 80.640936 0.014271 5254844768117748736.000000
4x1 1000 192 56.728264 0.020287 5255290984946637824.000000
4x1 1000 192 108.487778 0.010608 5255766992334038016.000000
4x1 1000 192 50.685371 0.022706 5256180703929351168.000000
4x1 1000 192 111.257089 0.010344 5256672665338354688.000000
4x1 1000 384 52.147773 0.044138 5257247443396015104.000000
4x1 1000 384 55.892755 0.041181 5257880259761173504.000000
4x1 1000 384 53.719501 0.042847 5258493842156095488.000000
4x1 1000 384 54.410343 0.042303 5259111650573209600.000000
4x1 1000 384 58.248864 0.039515 5259733502100504576.000000
4x1 2000 96 238.687581 0.009648 5260648474253163520.000000
4x1 2000 96 236.420940 0.009740 5261070554929658880.000000
4x1 2000 96 237.787298 0.009684 5261482956733040640.000000
4x1 2000 96 204.859740 0.011241 5261888639349557248.000000
4x1 2000 96 199.248878 0.011558 5262306030413484032.000000
4x1 2000 192 182.460816 0.025242 5263099296921023488.000000
4x1 2000 192 167.964263 0.027421 5263615684997602304.000000
4x1 2000 192 162.802889 0.028290 5264135501547612160.000000
4x1 2000 192 160.157038 0.028757 5264661857489294336.000000
4x1 2000 192 157.535519 0.029236 5265190639747655680.000000
4x1 2000 384 114.670792 0.080329 5266193137751930880.000000
4x1 2000 384 125.567562 0.073358 5267058099276682240.000000
4x1 2000 384 138.678255 0.066423 5267876842294944768.000000
4x1 2000 384 136.835215 0.067317 5268649177872327680.000000
4x1 2000 384 128.277669 0.071808 5269424810377546752.000000
4x1 3000 96 268.786319 0.019280 5270931820580594688.000000
4x1 3000 96 245.039059 0.021149 5271402484480272384.000000
4x1 3000 96 267.217381 0.019393 5271881292353922048.000000
4x1 3000 96 267.797206 0.019351 5272351137668030464.000000
4x1 3000 96 245.458138 0.021113 5272816654099154944.000000
4x1 3000 192 192.969340 0.053711 5274086371219670016.000000
4x1 3000 192 204.172412 0.050764 5274781318122521600.000000
4x1 3000 192 232.699298 0.044541 5275451846485792768.000000
4x1 3000 192 195.576113 0.052995 5276080864982344704.000000
4x1 3000 192 188.274213 0.055050 5276761575425104896.000000
4x1 3000 384 95.564541 0.216912 5278357500542111744.000000
4x1 3000 384 137.279751 0.150999 5280090146228279296.000000
4x1 3000 384 92.423708 0.224283 5281399258361224192.000000
4x1 3000 384 91.491855 0.226568 5283174518387661824.000000
4x1 3000 384 92.464924 0.224183 5284965567789308928.000000
4x1 4000 96 244.942530 0.037616 5288036462899765248.000000
4x1 4000 96 258.288919 0.035672 5288622539574463488.000000
4x1 4000 96 257.551549 0.035774 5289190561402055680.000000
4x1 4000 96 250.337249 0.036805 5289761898224688128.000000
4x1 4000 96 257.383920 0.035797 5290338866528638976.000000
4x1 4000 192 204.691798 0.090025 5292311509738811392.000000
4x1 4000 192 215.829094 0.085380 5293232925257541632.000000
4x1 4000 192 82.529189 0.223283 5294123852528193536.000000
4x1 4000 192 218.848769 0.084201 5295906874928642048.000000
4x1 4000 192 217.568969 0.084697 5296785568247907328.000000
4x1 4000 384 176.880126 0.208360 5299224553348324352.000000
4x1 4000 384 176.351209 0.208985 5300901473117312000.000000
4x1 4000 384 177.767282 0.207320 5302580159382179840.000000
4x1 4000 384 175.293836 0.210246 5304252555234561024.000000
4x1 4000 384 177.821996 0.207257 5305938027559886848.000000
4x1 5000 96 258.591044 0.055675 5309583460542412800.000000
4x1 5000 96 261.706563 0.055012 5310273143605529600.000000
4x1 5000 96 261.678437 0.055018 5310958459916864512.000000
4x1 5000 96 275.548973 0.052249 5311647353968816128.000000
4x1 5000 96 256.191341 0.056197 5312326797346046976.000000
4x1 5000 192 100.420087 0.286738 5315142620667656192.000000
4x1 5000 192 119.768256 0.240416 5317315368290220032.000000
4x1 5000 192 128.716830 0.223702 5319189044446134272.000000
4x1 5000 192 124.117727 0.231991 5320957720479300608.000000
4x1 5000 192 99.398300 0.289685 5322779613015405568.000000
4x1 5000 384 222.599994 0.258708 5327254186551676928.000000
4x1 5000 384 215.481345 0.267255 5329249863271094272.000000
4x1 5000 384 221.379238 0.260135 5331298537837459456.000000
4x1 5000 384 221.097535 0.260466 5333300805001350144.000000
4x1 5000 384 218.840058 0.263153 5335309935780890624.000000
4x2 1000 96 154.986553 0.003713 5339940539242160128.000000
4x2 1000 96 144.185283 0.003991 5340323446397414400.000000
4x2 1000 96 121.181106 0.004748 5340711983235586048.000000
4x2 1000 96 150.015017 0.003836 5341129630081908736.000000
4x2 1000 96 143.673319 0.004005 5341526373025268736.000000
4x2 1000 192 92.010631 0.012508 5342028430676967424.000000
4x2 1000 192 97.854019 0.011761 5342468777317347328.000000
4x2 1000 192 148.207922 0.007765 5342895694736002048.000000
4x2 1000 192 151.390835 0.007602 5343290080156281856.000000
4x2 1000 192 138.759151 0.008294 5343686999208436736.000000
4x2 1000 384 88.281151 0.026072 5344252976863337472.000000
4x2 1000 384 89.597581 0.025689 5344778949816239104.000000
4x2 1000 384 86.527231 0.026601 5345296525099159552.000000
4x2 1000 384 86.446527 0.026626 5345814250634873856.000000
4x2 1000 384 90.488999 0.025436 5346340072099782656.000000
4x2 2000 96 223.710312 0.010294 5347221131159730176.000000
4x2 2000 96 224.032654 0.010279 5347640871708343296.000000
4x2 2000 96 220.475725 0.010445 5348049501774311424.000000
4x2 2000 96 238.479899 0.009656 5348461257318524928.000000
4x2 2000 96 218.296481 0.010549 5348868412632565760.000000
4x2 2000 192 207.918714 0.022151 5349660627549758464.000000
4x2 2000 192 168.281247 0.027369 5350162019377483776.000000
4x2 2000 192 173.898131 0.026485 5350691757379801088.000000
4x2 2000 192 174.484857 0.026396 5351217438703915008.000000
4x2 2000 192 177.244874 0.025985 5351730695203052544.000000
4x2 2000 384 148.858746 0.061880 5352720799825529856.000000
4x2 2000 384 140.142794 0.065729 5353468339058571264.000000
4x2 2000 384 144.946503 0.063550 5354236252236174336.000000
4x2 2000 384 150.773294 0.061094 5354989680748901376.000000
4x2 2000 384 149.812443 0.061486 5355724947553734656.000000
4x2 3000 96 262.792618 0.019720 5357168794617546752.000000
4x2 3000 96 234.857516 0.022066 5357645700974501888.000000
4x2 3000 96 249.575835 0.020764 5358133350434920448.000000
4x2 3000 96 251.660376 0.020592 5358616911530741760.000000
4x2 3000 96 237.619785 0.021809 5359108497400561664.000000
4x2 3000 192 207.328290 0.049991 5360401113041530880.000000
4x2 3000 192 195.590961 0.052991 5361066970697836544.000000
4x2 3000 192 207.736687 0.049893 5361753391994718208.000000
4x2 3000 192 205.544382 0.050425 5362416444159962112.000000
4x2 3000 192 206.945595 0.050083 5363084415800072192.000000
4x2 3000 384 144.501433 0.143452 5364715574182606848.000000
4x2 3000 384 174.559622 0.118751 5365987659687006208.000000
4x2 3000 384 164.408014 0.126083 5367089068412734464.000000
4x2 3000 384 137.778210 0.150453 5368255748079198208.000000
4x2 3000 384 190.987195 0.108537 5369568343219968000.000000
4x2 4000 96 271.736400 0.033907 5371919941860790272.000000
4x2 4000 96 253.772589 0.036307 5372476510229762048.000000
4x2 4000 96 254.871564 0.036150 5373044843468546048.000000
4x2 4000 96 253.062371 0.036409 5373613381488123904.000000
4x2 4000 96 254.503646 0.036203 5374203154322632704.000000
4x2 4000 192 231.976249 0.079437 5376199173730030592.000000
4x2 4000 192 190.852220 0.096553 5377045172273329152.000000
4x2 4000 192 228.847733 0.080523 5378004129140583424.000000
4x2 4000 192 224.651990 0.082026 5378856609219554304.000000
4x2 4000 192 227.545620 0.080983 5379719305778021376.000000
4x2 4000 384 230.721682 0.159737 5382122435635464192.000000
4x2 4000 384 256.365059 0.143759 5383485119420124160.000000
4x2 4000 384 241.473913 0.152624 5384745900617891840.000000
4x2 4000 384 225.861743 0.163174 5386074877466644480.000000
4x2 4000 384 238.304779 0.154654 5387457260399123456.000000
4x2 5000 96 257.801081 0.055846 5390986766289848320.000000
4x2 5000 96 276.457992 0.052077 5391672785801147392.000000
4x2 5000 96 263.059920 0.054729 5392330468680262656.000000
4x2 5000 96 261.256468 0.055107 5393007397772812288.000000
4x2 5000 96 257.992555 0.055804 5393688687933954048.000000
4x2 5000 192 170.684739 0.168698 5396518125008479232.000000
4x2 5000 192 181.868909 0.158324 5397933318473719808.000000
4x2 5000 192 168.031127 0.171363 5399275846598598656.000000
4x2 5000 192 172.245298 0.167170 5400710102014879744.000000
4x2 5000 192 171.559630 0.167838 5402113225893523456.000000
4x2 5000 384 269.092270 0.214010 5405837499646511104.000000
4x2 5000 384 271.579507 0.212050 5407545809775497216.000000
4x2 5000 384 268.485732 0.214494 5409235733102199808.000000
4x2 5000 384 270.995889 0.212507 5410945842629494784.000000
4x2 5000 384 269.732734 0.213502 5412639959331988480.000000
4x3 1000 96 147.943722 0.003889 5416967661906008064.000000
4x3 1000 96 156.926357 0.003667 5417338323129071616.000000
4x3 1000 96 140.441310 0.004097 5417706362189069312.000000
4x3 1000 96 165.543526 0.003476 5418075464929013760.000000
4x3 1000 96 148.457821 0.003876 5418447676168002560.000000
4x3 1000 192 118.507705 0.009711 5418947536955808768.000000
4x3 1000 192 114.952398 0.010012 5419404909246541824.000000
4x3 1000 192 124.076393 0.009275 5419838846792845312.000000
4x3 1000 192 145.536418 0.007908 5420263665043602432.000000
4x3 1000 192 145.589553 0.007905 5420664059519583232.000000
4x3 1000 384 116.260408 0.019798 5421231974441586688.000000
4x3 1000 384 110.603718 0.020810 5421711728638397440.000000
4x3 1000 384 115.008676 0.020013 5422198060594883584.000000
4x3 1000 384 109.846673 0.020954 5422674655425454080.000000
4x3 1000 384 116.493904 0.019758 5423154580745458688.000000
4x3 2000 96 220.238616 0.010456 5423951093441632256.000000
4x3 2000 96 216.668465 0.010628 5424373877164493824.000000
4x3 2000 96 216.156082 0.010654 5424791444151614464.000000
4x3 2000 96 247.713154 0.009296 5425208294050770944.000000
4x3 2000 96 219.845880 0.010475 5425619039905434624.000000
4x3 2000 192 191.791355 0.024014 5426422324281270272.000000
4x3 2000 192 185.028109 0.024892 5426935349452417024.000000
4x3 2000 192 191.944668 0.023995 5427445657356509184.000000
4x3 2000 192 225.385869 0.020435 5427947553005006848.000000
4x3 2000 192 193.896456 0.023753 5428424821793945600.000000
4x3 2000 384 167.284263 0.055064 5429389009496134656.000000
4x3 2000 384 167.826823 0.054886 5430101782740498432.000000
4x3 2000 384 169.020002 0.054499 5430803498692612096.000000
4x3 2000 384 166.698997 0.055258 5431500936468938752.000000
4x3 2000 384 167.719859 0.054921 5432202042814684160.000000
4x3 3000 96 252.309875 0.020539 5433593740543507456.000000
4x3 3000 96 273.818719 0.018926 5434071435854014464.000000
4x3 3000 96 254.394443 0.020371 5434530521987860480.000000
4x3 3000 96 253.626865 0.020433 5434998641580454912.000000
4x3 3000 96 268.684184 0.019288 5435467409134616576.000000
4x3 3000 192 218.444328 0.047447 5436696909053941760.000000
4x3 3000 192 252.134069 0.041107 5437346841539845120.000000
4x3 3000 192 209.518010 0.049469 5437950176792877056.000000
4x3 3000 192 218.071626 0.047528 5438615874442790912.000000
4x3 3000 192 215.632790 0.048066 5439265270378322944.000000
4x3 3000 384 199.464323 0.103924 5440824883868341248.000000
4x3 3000 384 235.116240 0.088165 5441835341590621184.000000
4x3 3000 384 231.898320 0.089389 5442740122319781888.000000
4x3 3000 384 230.924100 0.089766 5443658042056279040.000000
4x3 3000 384 221.884860 0.093423 5444575069748032512.000000
4x3 4000 96 264.640428 0.034816 5446804556951760896.000000
4x3 4000 96 266.728100 0.034543 5447368390043566080.000000
4x3 4000 96 276.872415 0.033278 5447924838738944000.000000
4x3 4000 96 274.939186 0.033512 5448479035184834560.000000
4x3 4000 96 263.284174 0.034995 5449031068590833664.000000
4x3 4000 192 231.711301 0.079527 5451105017677536256.000000
4x3 4000 192 241.142194 0.076417 5451954633001453568.000000
4x3 4000 192 249.083953 0.073981 5452784200115181568.000000
4x3 4000 192 240.780471 0.076532 5453599243063228416.000000
4x3 4000 192 231.910220 0.079459 5454430364544867328.000000
4x3 4000 384 273.163838 0.134918 5456859951495389184.000000
4x3 4000 384 251.020330 0.146820 5458055127563630592.000000
4x3 4000 384 257.526840 0.143110 5459342182699277312.000000
4x3 4000 384 283.492597 0.130003 5460637495792911360.000000
4x3 4000 384 266.130717 0.138484 5461805760099298304.000000
4x3 5000 96 265.464604 0.054234 5465121333111118848.000000
4x3 5000 96 270.660561 0.053193 5465813751527698432.000000
4x3 5000 96 267.919441 0.053737 5466490460223462400.000000
4x3 5000 96 280.460581 0.051334 5467187186415825920.000000
4x3 5000 96 271.580285 0.053012 5467857846209495040.000000
4x3 5000 192 209.724238 0.137296 5470670604532855808.000000
4x3 5000 192 209.105201 0.137702 5471891742935798784.000000
4x3 5000 192 214.838128 0.134028 5473106989569436672.000000
4x3 5000 192 209.854287 0.137211 5474298340421869568.000000
4x3 5000 192 221.775023 0.129835 5475514291785071616.000000
4x3 5000 384 285.984161 0.201369 5479067071383431168.000000
4x3 5000 384 284.923015 0.202119 5480698643436254208.000000
4x3 5000 384 284.372659 0.202511 5482323192641426432.000000
4x3 5000 384 285.584118 0.201652 5483962397903470592.000000
4x3 5000 384 285.480745 0.201725 5485604702902951936.000000
