3X1 1000 96 174.007287 0.003307 31593459605196546048.000000
3X1 1000 96 174.926752 0.003290 31593821566048845824.000000
3X1 1000 96 219.656657 0.002620 31594181033922068480.000000
3X1 1000 96 222.827609 0.002582 31594544811414290432.000000
3X1 1000 96 176.496949 0.003260 31594906119268216832.000000
3X1 1000 192 225.504321 0.005103 31595386846751379456.000000
3X1 1000 192 220.775810 0.005213 31595771646092140544.000000
3X1 1000 192 230.275342 0.004998 31596151846956322816.000000
3X1 1000 192 236.749922 0.004861 31596523578822549504.000000
3X1 1000 192 224.800422 0.005119 31596899765472534528.000000
3X1 1000 384 251.873902 0.009138 31597439453567148032.000000
3X1 1000 384 270.352974 0.008514 31597853038570467328.000000
3X1 1000 384 251.906485 0.009137 31598252424771305472.000000
3X1 1000 384 257.554868 0.008937 31598657899285413888.000000
3X1 1000 384 254.462527 0.009045 31599059780737331200.000000
3X1 2000 96 237.186378 0.009709 31599781665405239296.000000
3X1 2000 96 252.264920 0.009129 31600196702882086912.000000
3X1 2000 96 243.115410 0.009472 31600598595937202176.000000
3X1 2000 96 245.749024 0.009371 31601004481600102400.000000
3X1 2000 96 244.096254 0.009434 31601412749374881792.000000
3X1 2000 192 254.949917 0.018065 31602200570378690560.000000
3X1 2000 192 267.407220 0.017224 31602666165446610944.000000
3X1 2000 192 266.962172 0.017252 31603120065263915008.000000
3X1 2000 192 267.868444 0.017194 31603573727327621120.000000
3X1 2000 192 266.253721 0.017298 31604026497032994816.000000
3X1 2000 384 271.784908 0.033892 31604963275219759104.000000
3X1 2000 384 280.201329 0.032874 31605531861911330816.000000
3X1 2000 384 281.670671 0.032703 31606086568731594752.000000
3X1 2000 384 279.624484 0.032942 31606639819967930368.000000
3X1 2000 384 277.202034 0.033230 31607193136541868032.000000
3X1 3000 96 256.792542 0.020181 31608436332402896896.000000
3X1 3000 96 261.279134 0.019834 31608916116698910720.000000
3X1 3000 96 265.473264 0.019521 31609382575824396288.000000
3X1 3000 96 262.873733 0.019714 31609850475391401984.000000
3X1 3000 96 264.408014 0.019600 31610317516776042496.000000
3X1 3000 192 280.773903 0.036914 31611560580317089792.000000
3X1 3000 192 279.754661 0.037049 31612142398873595904.000000
3X1 3000 192 281.913418 0.036765 31612723545001345024.000000
3X1 3000 192 278.771027 0.037179 31613301858130829312.000000
3X1 3000 192 278.697889 0.037189 31613881569199443968.000000
3X1 3000 384 287.632778 0.072068 31615356493394501632.000000
3X1 3000 384 290.052532 0.071467 31616163934960521216.000000
3X1 3000 384 288.727668 0.071795 31616964908123672576.000000
3X1 3000 384 287.810366 0.072023 31617770128211410944.000000
3X1 3000 384 289.239971 0.071667 31618576561694289920.000000
3X1 4000 96 260.941917 0.035309 31620649342051463168.000000
3X1 4000 96 261.568025 0.035225 31621220732070883328.000000
3X1 4000 96 261.923156 0.035177 31621786728029790208.000000
3X1 4000 96 264.168291 0.034878 31622355559156543488.000000
3X1 4000 96 262.068244 0.035158 31622920730539474944.000000
3X1 4000 192 282.382324 0.065257 31624868041693499392.000000
3X1 4000 192 282.752785 0.065171 31625631131351166976.000000
3X1 4000 192 283.576056 0.064982 31626389108618862592.000000
3X1 4000 192 283.361070 0.065031 31627150269688012800.000000
3X1 4000 192 284.307201 0.064815 31627911417547546624.000000
3X1 4000 384 288.400817 0.127790 31630218718552162304.000000
3X1 4000 384 290.273683 0.126966 31631379615178944512.000000
3X1 4000 384 290.503628 0.126865 31632530503230205952.000000
3X1 4000 384 290.667269 0.126794 31633683649649340416.000000
3X1 4000 384 290.338151 0.126937 31634836280414117888.000000
3X1 5000 96 267.105232 0.053901 31638024678661091328.000000
3X1 5000 96 267.585049 0.053804 31638709118025265152.000000
3X1 5000 96 269.423586 0.053437 31639387584692137984.000000
3X1 5000 96 268.663790 0.053588 31640066523666194432.000000
3X1 5000 96 269.386155 0.053444 31640746984592162816.000000
3X1 5000 192 283.483237 0.101573 31643540586807693312.000000
3X1 5000 192 284.095657 0.101354 31644526025593626624.000000
3X1 5000 192 284.208988 0.101314 31645507609435738112.000000
3X1 5000 192 283.652114 0.101513 31646492269930512384.000000
3X1 5000 192 283.267899 0.101650 31647483025023369216.000000
3X1 5000 384 290.301401 0.198375 31650821441150857216.000000
3X1 5000 384 291.779840 0.197370 31652429172590403584.000000
3X1 5000 384 290.790021 0.198041 31654016994827874304.000000
3X1 5000 384 292.517271 0.196872 31655615505583058944.000000
3X1 5000 384 292.438959 0.196925 31657205529913274368.000000
3X2 1000 96 163.239138 0.003525 31662699677670543360.000000
3X2 1000 96 190.774890 0.003016 31663071064813563904.000000
3X2 1000 96 191.365436 0.003007 31663435972072128512.000000
3X2 1000 96 179.876380 0.003199 31663805067061665792.000000
3X2 1000 96 189.844126 0.003031 31664172188316917760.000000
3X2 1000 192 209.913647 0.005482 31664667911447330816.000000
3X2 1000 192 233.819238 0.004922 31665051327914524672.000000
3X2 1000 192 220.099603 0.005229 31665422491345612800.000000
3X2 1000 192 222.824373 0.005165 31665796965605269504.000000
3X2 1000 192 221.734936 0.005190 31666173951557644288.000000
3X2 1000 384 261.233592 0.008811 31666713532375433216.000000
3X2 1000 384 260.243759 0.008844 31667114821084979200.000000
3X2 1000 384 252.490713 0.009116 31667518436636000256.000000
3X2 1000 384 255.032092 0.009025 31667918765083189248.000000
3X2 1000 384 255.040033 0.009025 31668320186515914752.000000
3X2 2000 96 254.261873 0.009057 31669045558127644672.000000
3X2 2000 96 240.883858 0.009560 31669470528807198720.000000
3X2 2000 96 241.353311 0.009541 31669874736153391104.000000
3X2 2000 96 248.801208 0.009256 31670279689912414208.000000
3X2 2000 96 238.535776 0.009654 31670681456983453696.000000
3X2 2000 192 260.086588 0.017708 31671471758211133440.000000
3X2 2000 192 264.919684 0.017385 31671936359928713216.000000
3X2 2000 192 266.089820 0.017309 31672411039495376896.000000
3X2 2000 192 262.184321 0.017567 31672866266448605184.000000
3X2 2000 192 268.951123 0.017125 31673323722406539264.000000
3X2 2000 384 277.583377 0.033184 31674246447313997824.000000
3X2 2000 384 277.290512 0.033219 31674809222865973248.000000
3X2 2000 384 278.536213 0.033071 31675367722867552256.000000
3X2 2000 384 277.377593 0.033209 31675922574929383424.000000
3X2 2000 384 278.915689 0.033026 31676481518856654848.000000
3X2 3000 96 250.963255 0.020650 31677734373462794240.000000
3X2 3000 96 258.858766 0.020020 31678213682181238784.000000
3X2 3000 96 255.221699 0.020305 31678682917172187136.000000
3X2 3000 96 258.106494 0.020078 31679156885814059008.000000
3X2 3000 96 253.867131 0.020413 31679627597483339776.000000
3X2 3000 192 270.661403 0.038293 31680883301759750144.000000
3X2 3000 192 272.979527 0.037968 31681479012565172224.000000
3X2 3000 192 273.254608 0.037930 31682060544331292672.000000
3X2 3000 192 271.324185 0.038200 31682649376020242432.000000
3X2 3000 192 274.042439 0.037821 31683232885955878912.000000
3X2 3000 384 285.021114 0.072728 31684719301567963136.000000
3X2 3000 384 286.525490 0.072346 31685536484304711680.000000
3X2 3000 384 285.310068 0.072655 31686342579323592704.000000
3X2 3000 384 288.284872 0.071905 31687157311404445696.000000
3X2 3000 384 286.751938 0.072289 31687963062288961536.000000
3X2 4000 96 257.813852 0.035738 31690037792668438528.000000
3X2 4000 96 262.304521 0.035126 31690605905881624576.000000
3X2 4000 96 259.942164 0.035445 31691167861725532160.000000
3X2 4000 96 262.418973 0.035111 31691733971060428800.000000
3X2 4000 96 262.674266 0.035077 31692296741227491328.000000
3X2 4000 192 278.638030 0.066134 31694240972650233856.000000
3X2 4000 192 282.382658 0.065257 31695003696733741056.000000
3X2 4000 192 280.194905 0.065766 31695756020664123392.000000
3X2 4000 192 281.105023 0.065553 31696515521586118656.000000
3X2 4000 192 280.359421 0.065728 31697269622143639552.000000
3X2 4000 384 289.370205 0.127362 31699577373298651136.000000
3X2 4000 384 289.534236 0.127290 31700733274968866816.000000
3X2 4000 384 289.388783 0.127354 31701886656357597184.000000
3X2 4000 384 290.385496 0.126917 31703042787333529600.000000
3X2 4000 384 289.685406 0.127223 31704195446546145280.000000
3X2 5000 96 266.687828 0.053985 31707364650093289472.000000
3X2 5000 96 262.729433 0.054798 31708048678494289920.000000
3X2 5000 96 266.345878 0.054054 31708731062728966144.000000
3X2 5000 96 266.023068 0.054120 31709414764057960448.000000
3X2 5000 96 265.728409 0.054180 31710098637348589568.000000
3X2 5000 192 278.414437 0.103422 31712886176396414976.000000
3X2 5000 192 282.469430 0.101938 31713884396359294976.000000
3X2 5000 192 280.769421 0.102555 31714867741794930688.000000
3X2 5000 192 281.667287 0.102228 31715859010199777280.000000
3X2 5000 192 281.113032 0.102429 31716857261701865472.000000
3X2 5000 384 290.420764 0.198293 31720169219686658048.000000
3X2 5000 384 289.771844 0.198737 31721785223497060352.000000
3X2 5000 384 289.960322 0.198608 31723394910744580096.000000
3X2 5000 384 289.919442 0.198636 31725008407022288896.000000
3X2 5000 384 289.371230 0.199012 31726627309130174464.000000
3X3 1000 96 146.875653 0.003918 31732095903467937792.000000
3X3 1000 96 163.240944 0.003525 31732471500799553536.000000
3X3 1000 96 156.427874 0.003679 31732837380966858752.000000
3X3 1000 96 162.774554 0.003535 31733203741025337344.000000
3X3 1000 96 154.819671 0.003717 31733567043663175680.000000
3X3 1000 192 198.985025 0.005784 31734060570576101376.000000
3X3 1000 192 206.638441 0.005569 31734442612880191488.000000
3X3 1000 192 189.581461 0.006070 31734817450871054336.000000
3X3 1000 192 193.528598 0.005947 31735199272215162880.000000
3X3 1000 192 198.685944 0.005792 31735575796753125376.000000
3X3 1000 384 214.886406 0.010711 31736118858428370944.000000
3X3 1000 384 218.090071 0.010554 31736534399956406272.000000
3X3 1000 384 227.983218 0.010096 31736947772121341952.000000
3X3 1000 384 221.367029 0.010398 31737358410596806656.000000
3X3 1000 384 228.287665 0.010082 31737770906620985344.000000
3X3 2000 96 251.321188 0.009163 31738502502789185536.000000
3X3 2000 96 243.147189 0.009471 31738923943216123904.000000
3X3 2000 96 228.030536 0.010099 31739330458920583168.000000
3X3 2000 96 235.636120 0.009773 31739737380845858816.000000
3X3 2000 96 227.696888 0.010114 31740144816243073024.000000
3X3 2000 192 245.521810 0.018759 31740937748171431936.000000
3X3 2000 192 248.882118 0.018506 31741408601895092224.000000
3X3 2000 192 254.923938 0.018067 31741869402838458368.000000
3X3 2000 192 254.782212 0.018077 31742331108191363072.000000
3X3 2000 192 247.949824 0.018575 31742793631521878016.000000
3X3 2000 384 264.922816 0.034770 31743728186713513984.000000
3X3 2000 384 261.107155 0.035278 31744299610505789440.000000
3X3 2000 384 262.059613 0.035150 31744870433753939968.000000
3X3 2000 384 262.130049 0.035141 31745440066992726016.000000
3X3 2000 384 262.060717 0.035150 31746008095796305920.000000
3X3 3000 96 252.285002 0.020541 31747266057205407744.000000
3X3 3000 96 244.976438 0.021154 31747746262461411328.000000
3X3 3000 96 245.873532 0.021077 31748220997964046336.000000
3X3 3000 96 251.029180 0.020644 31748697973562630144.000000
3X3 3000 96 248.434339 0.020860 31749168616425488384.000000
3X3 3000 192 260.676964 0.039760 31750424998250663936.000000
3X3 3000 192 266.891375 0.038834 31751025250758250496.000000
3X3 3000 192 267.104499 0.038803 31751616893058277376.000000
3X3 3000 192 264.796030 0.039142 31752211342724554752.000000
3X3 3000 192 266.475430 0.038895 31752803195130163200.000000
3X3 3000 384 278.375482 0.074464 31754299375464988672.000000
3X3 3000 384 277.991816 0.074567 31755123326201356288.000000
3X3 3000 384 278.297039 0.074485 31755943158326771712.000000
3X3 3000 384 280.959813 0.073780 31756765961120845824.000000
3X3 3000 384 279.723343 0.074106 31757581358654443520.000000
3X3 4000 96 255.641508 0.036041 31759685036283670528.000000
3X3 4000 96 256.435394 0.035930 31760255412991152128.000000
3X3 4000 96 255.285985 0.036092 31760822809218781184.000000
3X3 4000 96 255.645345 0.036041 31761397376614055936.000000
3X3 4000 96 256.972377 0.035855 31761966113392046080.000000
3X3 4000 192 273.916971 0.067274 31763934331565608960.000000
3X3 4000 192 275.094592 0.066986 31764707064691769344.000000
3X3 4000 192 275.520189 0.066882 31765474504448593920.000000
3X3 4000 192 275.275294 0.066942 31766243713728528384.000000
3X3 4000 192 275.846877 0.066803 31767010783648583680.000000
3X3 4000 384 284.852477 0.129382 31769339971218530304.000000
3X3 4000 384 287.177748 0.128334 31770509379896053760.000000
3X3 4000 384 286.703953 0.128546 31771668176823709696.000000
3X3 4000 384 285.823444 0.128942 31772835077085368320.000000
3X3 4000 384 280.212142 0.131525 31774001871100633088.000000
3X3 5000 96 252.428316 0.057034 31777188044637315072.000000
3X3 5000 96 253.021665 0.056901 31777891250586152960.000000
3X3 5000 96 254.034056 0.056674 31778589045552865280.000000
3X3 5000 96 251.021469 0.057354 31779291528781750272.000000
3X3 5000 96 253.710143 0.056746 31779994962647400448.000000
3X3 5000 192 269.241701 0.106946 31782829414409646080.000000
3X3 5000 192 269.629080 0.106792 31783847519049945088.000000
3X3 5000 192 270.096462 0.106607 31784861268080861184.000000
3X3 5000 192 269.573770 0.106814 31785875465194950656.000000
3X3 5000 192 270.311094 0.106523 31786891303652954112.000000
3X3 5000 384 277.177861 0.207767 31790255374172753920.000000
3X3 5000 384 277.452159 0.207562 31791934865711177728.000000
3X3 5000 384 277.119078 0.207811 31793600922095075328.000000
3X3 5000 384 279.015922 0.206399 31795276315745619968.000000
3X3 5000 384 279.185192 0.206273 31796937928238624768.000000
3X4 1000 96 162.074421 0.003550 31802601514368241664.000000
3X4 1000 96 204.574106 0.002813 31802975421991149568.000000
3X4 1000 96 168.168596 0.003422 31803338610830589952.000000
3X4 1000 96 182.238360 0.003158 31803712971355873280.000000
3X4 1000 96 189.729701 0.003033 31804084478870102016.000000
3X4 1000 192 213.956053 0.005379 31804588997481672704.000000
3X4 1000 192 231.862614 0.004963 31804973860208025600.000000
3X4 1000 192 220.844443 0.005211 31805346917238964224.000000
3X4 1000 192 223.063770 0.005159 31805723877194522624.000000
3X4 1000 192 213.872395 0.005381 31806100481015697408.000000
3X4 1000 384 247.895277 0.009285 31806647381154750464.000000
3X4 1000 384 282.054654 0.008160 31807056102638313472.000000
3X4 1000 384 257.984336 0.008922 31807458281907802112.000000
3X4 1000 384 250.111761 0.009203 31807862484671594496.000000
3X4 1000 384 247.538697 0.009298 31808267328510545920.000000
3X4 2000 96 234.164174 0.009834 31809008355564703744.000000
3X4 2000 96 240.392713 0.009580 31809416702142685184.000000
3X4 2000 96 233.701326 0.009854 31809823508829569024.000000
3X4 2000 96 234.171080 0.009834 31810228741641289728.000000
3X4 2000 96 241.417806 0.009539 31810635635099340800.000000
3X4 2000 192 255.589871 0.018020 31811427204595769344.000000
3X4 2000 192 260.564831 0.017676 31811893747778826240.000000
3X4 2000 192 260.098970 0.017707 31812352664216707072.000000
3X4 2000 192 258.852776 0.017793 31812813321064058880.000000
3X4 2000 192 262.138314 0.017570 31813274110058622976.000000
3X4 2000 384 269.302127 0.034205 31814209969992626176.000000
3X4 2000 384 276.062109 0.033367 31814781675269632000.000000
3X4 2000 384 275.898995 0.033387 31815342927791972352.000000
3X4 2000 384 275.124485 0.033481 31815902790189580288.000000
3X4 2000 384 274.977859 0.033499 31816463290737553408.000000
3X4 3000 96 252.725089 0.020506 31817722101765812224.000000
3X4 3000 96 253.099414 0.020475 31818205719988035584.000000
3X4 3000 96 254.043912 0.020399 31818678113500418048.000000
3X4 3000 96 250.245174 0.020709 31819155622052544512.000000
3X4 3000 96 252.211983 0.020547 31819629923903987712.000000
3X4 3000 192 268.751255 0.038566 31820894229242417152.000000
3X4 3000 192 269.518643 0.038456 31821490538402910208.000000
3X4 3000 192 271.861948 0.038124 31822079525771943936.000000
3X4 3000 192 269.614014 0.038442 31822664724245086208.000000
3X4 3000 192 272.305036 0.038062 31823253358161256448.000000
3X4 3000 384 285.338301 0.072647 31824746046553837568.000000
3X4 3000 384 285.019206 0.072729 31825558565738790912.000000
3X4 3000 384 284.691818 0.072812 31826364909794471936.000000
3X4 3000 384 285.352151 0.072644 31827177073945866240.000000
3X4 3000 384 284.507201 0.072860 31827985020356677632.000000
3X4 4000 96 255.226265 0.036100 31830085303074054144.000000
3X4 4000 96 255.924164 0.036002 31830659024536576000.000000
3X4 4000 96 257.289723 0.035811 31831231671797534720.000000
3X4 4000 96 257.919234 0.035723 31831808948383092736.000000
3X4 4000 96 257.636933 0.035762 31832379822664929280.000000
3X4 4000 192 275.301014 0.066935 31834347400032153600.000000
3X4 4000 192 275.865815 0.066798 31835116629734490112.000000
3X4 4000 192 276.078280 0.066747 31835884037068918784.000000
3X4 4000 192 276.584642 0.066625 31836654170214400000.000000
3X4 4000 192 276.328382 0.066687 31837421401292857344.000000
3X4 4000 384 285.971981 0.128876 31839738997292171264.000000
3X4 4000 384 287.589328 0.128151 31840905970840236032.000000
3X4 4000 384 287.980770 0.127977 31842067534679744512.000000
3X4 4000 384 287.759775 0.128075 31843228986109681664.000000
3X4 4000 384 287.764774 0.128073 31844389576662827008.000000
3X4 5000 96 255.784534 0.056286 31847565146033672192.000000
3X4 5000 96 255.163572 0.056423 31848264573755494400.000000
3X4 5000 96 256.610024 0.056105 31848956987679293440.000000
3X4 5000 96 257.714006 0.055865 31849653138460467200.000000
3X4 5000 96 256.778906 0.056068 31850348329676910592.000000
3X4 5000 192 275.343294 0.104576 31853151048000770048.000000
3X4 5000 192 275.690988 0.104444 31854157448660844544.000000
3X4 5000 192 277.203279 0.103874 31855156347401285632.000000
3X4 5000 192 276.625371 0.104091 31856155201597771776.000000
3X4 5000 192 269.951747 0.106664 31857154443787796480.000000
3X4 5000 384 286.839114 0.200769 31860523619139358720.000000
3X4 5000 384 287.325860 0.200429 31862145152165453824.000000
3X4 5000 384 288.261723 0.199778 31863759458247950336.000000
3X4 5000 384 286.971475 0.200677 31865370573533790208.000000
3X4 5000 384 286.811111 0.200789 31866987808556924928.000000
3X5 1000 96 148.234781 0.003882 31872549549648441344.000000
3X5 1000 96 160.064312 0.003595 31872921471063449600.000000
3X5 1000 96 159.501989 0.003608 31873289089963466752.000000
3X5 1000 96 156.155002 0.003685 31873657894629826560.000000
3X5 1000 96 160.770863 0.003579 31874026007731404800.000000
3X5 1000 192 203.191607 0.005664 31874526082132021248.000000
3X5 1000 192 210.926057 0.005456 31874916912282075136.000000
3X5 1000 192 227.951405 0.005049 31875299522714152960.000000
3X5 1000 192 214.057572 0.005376 31875677691738443776.000000
3X5 1000 192 228.244902 0.005042 31876060405338501120.000000
3X5 1000 384 232.864965 0.009884 31876610897765376000.000000
3X5 1000 384 231.190654 0.009956 31877027410013347840.000000
3X5 1000 384 232.536895 0.009898 31877439584232710144.000000
3X5 1000 384 233.658851 0.009851 31877851655015337984.000000
3X5 1000 384 231.231368 0.009954 31878264808601088000.000000
3X5 2000 96 210.890102 0.010920 31879011008013365248.000000
3X5 2000 96 214.945956 0.010714 31879435546283347968.000000
3X5 2000 96 215.940276 0.010664 31879849205584261120.000000
3X5 2000 96 214.930067 0.010714 31880265067541069824.000000
3X5 2000 96 223.006536 0.010326 31880681071091466240.000000
3X5 2000 192 232.059463 0.019847 31881482787153780736.000000
3X5 2000 192 241.056847 0.019106 31881962596857794560.000000
3X5 2000 192 236.842726 0.019446 31882433410856652800.000000
3X5 2000 192 238.276190 0.019329 31882906208337100800.000000
3X5 2000 192 240.794706 0.019127 31883375094566359040.000000
3X5 2000 384 251.303882 0.036654 31884315600522551296.000000
3X5 2000 384 251.735372 0.036592 31884903521350746112.000000
3X5 2000 384 250.705448 0.036742 31885485473756848128.000000
3X5 2000 384 251.232723 0.036665 31886067358399754240.000000
3X5 2000 384 252.668389 0.036456 31886649432655446016.000000
3X5 3000 96 236.570512 0.021906 31887928633903513600.000000
3X5 3000 96 237.771820 0.021795 31888422207830810624.000000
3X5 3000 96 237.693581 0.021802 31888904842181079040.000000
3X5 3000 96 239.607445 0.021628 31889388968281673728.000000
3X5 3000 96 239.587484 0.021630 31889874443911798784.000000
3X5 3000 192 254.146429 0.040782 31891162290458611712.000000
3X5 3000 192 257.228846 0.040293 31891773908079226880.000000
3X5 3000 192 260.228752 0.039829 31892373794366033920.000000
3X5 3000 192 261.911992 0.039573 31892974110528016384.000000
3X5 3000 192 258.055463 0.040164 31893573927874027520.000000
3X5 3000 384 272.600919 0.076042 31895095336674770944.000000
3X5 3000 384 274.450345 0.075529 31895930718719389696.000000
3X5 3000 384 272.928835 0.075951 31896756969564471296.000000
3X5 3000 384 273.633233 0.075755 31897593748595286016.000000
3X5 3000 384 274.677806 0.075467 31898424539900289024.000000
3X5 4000 96 247.261702 0.037263 31900528460159901696.000000
3X5 4000 96 249.290504 0.036960 31901103390716755968.000000
3X5 4000 96 249.230778 0.036969 31901675851827326976.000000
3X5 4000 96 247.874235 0.037171 31902252715868483584.000000
3X5 4000 96 248.798315 0.037033 31902828062694522880.000000
3X5 4000 192 268.820252 0.068549 31904804740963696640.000000
3X5 4000 192 269.944500 0.068264 31905585145193463808.000000
3X5 4000 192 269.069597 0.068486 31906360773109878784.000000
3X5 4000 192 268.249591 0.068695 31907143824904331264.000000
3X5 4000 192 269.684540 0.068329 31907928097415520256.000000
3X5 4000 384 281.147483 0.131087 31910261778918023168.000000
3X5 4000 384 282.101327 0.130644 31911447107377164288.000000
3X5 4000 384 283.008299 0.130225 31912620195056119808.000000
3X5 4000 384 282.869500 0.130289 31913795809941336064.000000
3X5 4000 384 282.604400 0.130411 31914968385274699776.000000
3X5 5000 96 252.394135 0.057042 31918153445998653440.000000
3X5 5000 96 251.616470 0.057219 31918854196421210112.000000
3X5 5000 96 254.581820 0.056552 31919551722139955200.000000
3X5 5000 96 254.389607 0.056595 31920253619493670912.000000
3X5 5000 96 252.694428 0.056974 31920951706709934080.000000
3X5 5000 192 273.548354 0.105262 31923823284921544704.000000
3X5 5000 192 274.895169 0.104746 31924829390240849920.000000
3X5 5000 192 276.048733 0.104309 31925829429813252096.000000
3X5 5000 192 276.306426 0.104211 31926831518985535488.000000
3X5 5000 192 274.771933 0.104793 31927830838685978624.000000
3X5 5000 384 287.016639 0.200645 31931162432356196352.000000
3X5 5000 384 288.042934 0.199930 31932781208313655296.000000
3X5 5000 384 288.062192 0.199917 31934393194997862400.000000
3X5 5000 384 286.884621 0.200737 31936007920568143872.000000
3X5 5000 384 287.331396 0.200425 31937629477607247872.000000
3X6 1000 96 162.740534 0.003536 31943407260518367232.000000
3X6 1000 96 171.171455 0.003362 31943775540903153664.000000
3X6 1000 96 164.049931 0.003508 31944141210587267072.000000
3X6 1000 96 155.449460 0.003702 31944506490946584576.000000
3X6 1000 96 159.129751 0.003616 31944872258691518464.000000
3X6 1000 192 181.463664 0.006342 31945367536266752000.000000
3X6 1000 192 215.235808 0.005347 31945761286487056384.000000
3X6 1000 192 189.642660 0.006069 31946145984368619520.000000
3X6 1000 192 194.180792 0.005927 31946536215363522560.000000
3X6 1000 192 188.151957 0.006117 31946921639856238592.000000
3X6 1000 384 218.358418 0.010541 31947493861178036224.000000
3X6 1000 384 229.747554 0.010018 31947917207716851712.000000
3X6 1000 384 219.374070 0.010492 31948330326601773056.000000
3X6 1000 384 219.004738 0.010510 31948745337992462336.000000
3X6 1000 384 220.283581 0.010449 31949160311161851904.000000
3X6 2000 96 201.284847 0.011441 31949903387278340096.000000
3X6 2000 96 210.264680 0.010952 31950326388082839552.000000
3X6 2000 96 206.163911 0.011170 31950740288420503552.000000
3X6 2000 96 206.796409 0.011136 31951156902895681536.000000
3X6 2000 96 208.506296 0.011045 31951571729134133248.000000
3X6 2000 192 225.960160 0.020383 31952379538744942592.000000
3X6 2000 192 228.296124 0.020174 31952860032071311360.000000
3X6 2000 192 231.682110 0.019879 31953338933173780480.000000
3X6 2000 192 231.181692 0.019922 31953818503178600448.000000
3X6 2000 192 238.919593 0.019277 31954294221234806784.000000
3X6 2000 384 242.621126 0.037966 31955240350262706176.000000
3X6 2000 384 246.157675 0.037421 31955828203826917376.000000
3X6 2000 384 242.789939 0.037940 31956403976726122496.000000
3X6 2000 384 244.069025 0.037741 31956984872121077760.000000
3X6 2000 384 244.501044 0.037674 31957561164175466496.000000
3X6 3000 96 243.317729 0.021298 31958844805615280128.000000
3X6 3000 96 248.758254 0.020833 31959328388983103488.000000
3X6 3000 96 246.092197 0.021058 31959806382373597184.000000
3X6 3000 96 251.819179 0.020579 31960286616173592576.000000
3X6 3000 96 246.693108 0.021007 31960766836130377728.000000
3X6 3000 192 265.740633 0.039002 31962039711177129984.000000
3X6 3000 192 268.927951 0.038540 31962637494276849664.000000
3X6 3000 192 268.370031 0.038620 31963227440045744128.000000
3X6 3000 192 268.680897 0.038576 31963820862761680896.000000
3X6 3000 192 269.840607 0.038410 31964411216376958976.000000
3X6 3000 384 284.892445 0.072761 31965921462458257408.000000
3X6 3000 384 284.871221 0.072767 31966735340241559552.000000
3X6 3000 384 286.123612 0.072448 31967540960770879488.000000
3X6 3000 384 284.183092 0.072943 31968349120071262208.000000
3X6 3000 384 284.274404 0.072919 31969156599192489984.000000
3X6 4000 96 243.729292 0.037803 31971250570652594176.000000
3X6 4000 96 245.872087 0.037474 31971835905951330304.000000
3X6 4000 96 244.812678 0.037636 31972417163797463040.000000
3X6 4000 96 246.035872 0.037449 31973001085893062656.000000
3X6 4000 96 245.850463 0.037477 31973582589383987200.000000
3X6 4000 192 265.267617 0.069467 31975566317150400512.000000
3X6 4000 192 265.437471 0.069423 31976357439325253632.000000
3X6 4000 192 266.048219 0.069263 31977142241865211904.000000
3X6 4000 192 266.490585 0.069148 31977932243380912128.000000
3X6 4000 192 266.640135 0.069110 31978716007559307264.000000
3X6 4000 384 278.065407 0.132540 31981068322872090624.000000
3X6 4000 384 278.576479 0.132297 31982260896124477440.000000
3X6 4000 384 280.281701 0.131492 31983447337831567360.000000
3X6 4000 384 278.841303 0.132171 31984632923679473664.000000
3X6 4000 384 278.338401 0.132410 31985821704112836608.000000
3X6 5000 96 235.348239 0.061174 31989031581942743040.000000
3X6 5000 96 238.558307 0.060351 31989762259326902272.000000
3X6 5000 96 237.533803 0.060611 31990481275073462272.000000
3X6 5000 96 238.374497 0.060397 31991206817661186048.000000
3X6 5000 96 237.494431 0.060621 31991929814047428608.000000
3X6 5000 192 259.186395 0.111095 31994785292451856384.000000
3X6 5000 192 258.703919 0.111302 31995830998709948416.000000
3X6 5000 192 260.342486 0.110601 31996874742542585856.000000
3X6 5000 192 259.590293 0.110922 31997918063117615104.000000
3X6 5000 192 259.700397 0.110875 31998964607967690752.000000
3X6 5000 384 273.689495 0.210415 32002350662793588736.000000
3X6 5000 384 273.501151 0.210560 32004040374101090304.000000
3X6 5000 384 274.113362 0.210090 32005721084820267008.000000
3X6 5000 384 274.564586 0.209745 32007404219206516736.000000
3X6 5000 384 274.364003 0.209898 32009088028274315264.000000
3X7 1000 96 140.612011 0.004092 32014869562231644160.000000
3X7 1000 96 162.694291 0.003537 32015238552920391680.000000
3X7 1000 96 158.865098 0.003622 32015598365331206144.000000
3X7 1000 96 163.177756 0.003526 32015959166407569408.000000
3X7 1000 96 152.104514 0.003783 32016320584642281472.000000
3X7 1000 192 187.970181 0.006123 32016816438639890432.000000
3X7 1000 192 196.412532 0.005859 32017203329014140928.000000
3X7 1000 192 193.591592 0.005945 32017584472559902720.000000
3X7 1000 192 209.552829 0.005492 32017969288585457664.000000
3X7 1000 192 218.461256 0.005268 32018348115734511616.000000
3X7 1000 384 215.109283 0.010700 32018922143033806848.000000
3X7 1000 384 219.414954 0.010490 32019355475428134912.000000
3X7 1000 384 218.605500 0.010529 32019770901788176384.000000
3X7 1000 384 222.041783 0.010366 32020188449626501120.000000
3X7 1000 384 218.773908 0.010521 32020604349189701632.000000
3X7 2000 96 208.480228 0.011046 32021349655411638272.000000
3X7 2000 96 214.232428 0.010749 32021773882852831232.000000
3X7 2000 96 219.104344 0.010510 32022189775971229696.000000
3X7 2000 96 215.791549 0.010672 32022604541217697792.000000
3X7 2000 96 214.230236 0.010749 32023018074265817088.000000
3X7 2000 192 232.374662 0.019820 32023819866872127488.000000
3X7 2000 192 240.468509 0.019153 32024294630726787072.000000
3X7 2000 192 240.307723 0.019166 32024764620328898560.000000
3X7 2000 192 240.356105 0.019162 32025232996990275584.000000
3X7 2000 192 239.851730 0.019202 32025701576979640320.000000
3X7 2000 384 249.989463 0.036847 32026645699108438016.000000
3X7 2000 384 254.155168 0.036243 32027232639520661504.000000
3X7 2000 384 253.353051 0.036358 32027808192375111680.000000
3X7 2000 384 252.140703 0.036533 32028384891123879936.000000
3X7 2000 384 254.999279 0.036123 32028961476631044096.000000
3X7 3000 96 242.812823 0.021343 32030237089456869376.000000
3X7 3000 96 242.371475 0.021382 32030723447915745280.000000
3X7 3000 96 240.186874 0.021576 32031204526598889472.000000
3X7 3000 96 244.135439 0.021227 32031686661595582464.000000
3X7 3000 96 244.449617 0.021200 32032165972624420864.000000
3X7 3000 192 259.423605 0.039952 32033444061565313024.000000
3X7 3000 192 261.519442 0.039632 32034049431243845632.000000
3X7 3000 192 261.403996 0.039650 32034645246714859520.000000
3X7 3000 192 260.449013 0.039795 32035245144976068608.000000
3X7 3000 192 261.692237 0.039606 32035842534085402624.000000
3X7 3000 384 274.258395 0.075582 32037372750962483200.000000
3X7 3000 384 275.447916 0.075256 32038207063567167488.000000
3X7 3000 384 275.204088 0.075323 32039029646636433408.000000
3X7 3000 384 276.290431 0.075026 32039858953583788032.000000
3X7 3000 384 275.250567 0.075310 32040681158317068288.000000
3X7 4000 96 249.383970 0.036946 32042803265628557312.000000
3X7 4000 96 254.373679 0.036221 32043385668703440896.000000
3X7 4000 96 251.704319 0.036605 32043959665634746368.000000
3X7 4000 96 253.084845 0.036406 32044533294329298944.000000
3X7 4000 96 252.366929 0.036509 32045104277103910912.000000
3X7 4000 192 270.260707 0.068184 32047079177421168640.000000
3X7 4000 192 270.492620 0.068125 32047858903570972672.000000
3X7 4000 192 270.109331 0.068222 32048634113490612224.000000
3X7 4000 192 270.660996 0.068083 32049416196824301568.000000
3X7 4000 192 269.175989 0.068459 32050190443787182080.000000
3X7 4000 384 284.397689 0.129589 32052546555067801600.000000
3X7 4000 384 287.221200 0.128315 32053719047546769408.000000
3X7 4000 384 285.968672 0.128877 32054878804583186432.000000
3X7 4000 384 285.485016 0.129095 32056044325177688064.000000
3X7 4000 384 280.025867 0.131612 32057212428210491392.000000
3X7 5000 96 222.811449 0.064616 32060417013029474304.000000
3X7 5000 96 221.802900 0.064910 32061165584812847104.000000
3X7 5000 96 223.444421 0.064433 32061914203597828096.000000
3X7 5000 96 222.039651 0.064840 32062663762952327168.000000
3X7 5000 96 221.761178 0.064922 32063414773161185280.000000
3X7 5000 192 248.148840 0.116036 32066315821784129536.000000
3X7 5000 192 252.192828 0.114175 32067397585294839808.000000
3X7 5000 192 250.757417 0.114829 32068462350694404096.000000
3X7 5000 192 249.412799 0.115448 32069535695747932160.000000
3X7 5000 192 249.311676 0.115495 32070614947284369408.000000
3X7 5000 384 263.418335 0.218620 32074024357264302080.000000
3X7 5000 384 265.920647 0.216563 32075769492901842944.000000
3X7 5000 384 264.834638 0.217451 32077496799433084928.000000
3X7 5000 384 262.924653 0.219030 32079239717400338432.000000
3X7 5000 384 266.159729 0.216368 32080990053991223296.000000
