6X4 1000 96 162.977729 0.003531 4371954900290007203840.000000
6X4 1000 96 174.221237 0.003303 4371955331061236891648.000000
6X4 1000 96 171.876153 0.003348 4371955751973150523392.000000
6X4 1000 96 171.624347 0.003353 4371956183706998145024.000000
6X4 1000 96 172.516151 0.003335 4371956630434388377600.000000
6X4 1000 192 177.635774 0.006479 4371957278369510326272.000000
6X4 1000 192 165.081309 0.006971 4371957741122861137920.000000
6X4 1000 192 168.882261 0.006814 4371958189242227097600.000000
6X4 1000 192 169.557980 0.006787 4371958656779733172224.000000
6X4 1000 192 164.935026 0.006978 4371959121477924028416.000000
6X4 1000 384 185.077309 0.012436 4371959982861164478464.000000
6X4 1000 384 189.353131 0.012156 4371960503377035526144.000000
6X4 1000 384 188.614845 0.012203 4371960982396768616448.000000
6X4 1000 384 188.902708 0.012185 4371961458395554250752.000000
6X4 1000 384 188.811313 0.012190 4371961937157210767360.000000
6X4 2000 96 174.207284 0.013219 4371962955559574437888.000000
6X4 2000 96 176.686927 0.013033 4371963433911339450368.000000
6X4 2000 96 177.287666 0.012989 4371963908977338613760.000000
6X4 2000 96 176.951999 0.013014 4371964381851144421376.000000
6X4 2000 96 176.397755 0.013055 4371964855059276103680.000000
6X4 2000 192 183.893243 0.025045 4371965950861262192640.000000
6X4 2000 192 185.330758 0.024851 4371966508035558342656.000000
6X4 2000 192 185.752504 0.024795 4371967057378064990208.000000
6X4 2000 192 185.694500 0.024803 4371967605787976531968.000000
6X4 2000 192 185.722984 0.024799 4371968154957796868096.000000
6X4 2000 384 188.894610 0.048765 4371969481356257263616.000000
6X4 2000 384 190.048344 0.048469 4371970191589812207616.000000
6X4 2000 384 190.182001 0.048435 4371970891652658102272.000000
6X4 2000 384 189.261869 0.048670 4371971599521902755840.000000
6X4 2000 384 190.079875 0.048461 4371972300049469669376.000000
6X4 3000 96 175.431496 0.029540 4371974197414438895616.000000
6X4 3000 96 175.508032 0.029527 4371974776786043011072.000000
6X4 3000 96 175.948767 0.029453 4371975348289618313216.000000
6X4 3000 96 176.268924 0.029400 4371975921319295844352.000000
6X4 3000 96 175.748270 0.029487 4371976501532250603520.000000
6X4 3000 192 184.281273 0.056243 4371978376198500122624.000000
6X4 3000 192 184.780156 0.056091 4371979117403465318400.000000
6X4 3000 192 185.183357 0.055969 4371979859123669827584.000000
6X4 3000 192 184.977163 0.056031 4371980597006602600448.000000
6X4 3000 192 184.908976 0.056052 4371981334333332389888.000000
6X4 3000 384 189.407719 0.109442 4371983599295781142528.000000
6X4 3000 384 189.351321 0.109474 4371984681764119379968.000000
6X4 3000 384 189.544987 0.109362 4371985763857410293760.000000
6X4 3000 384 189.424247 0.109432 4371986849255250722816.000000
6X4 3000 384 189.660107 0.109296 4371987932567945871360.000000
6X4 4000 96 173.917876 0.052977 4371991831187729940480.000000
6X4 4000 96 174.827534 0.052702 4371992548310717038592.000000
6X4 4000 96 174.675481 0.052748 4371993270946185609216.000000
6X4 4000 96 174.954895 0.052663 4371993989760621215744.000000
6X4 4000 96 175.032259 0.052640 4371994709419952177152.000000
6X4 4000 192 183.766011 0.100276 4371998403242878828544.000000
6X4 4000 192 179.895886 0.102434 4371999426921379659776.000000
6X4 4000 192 176.649845 0.104316 4372000461665153843200.000000
6X4 4000 192 172.029698 0.107118 4372001553756198535168.000000
6X4 4000 192 181.950429 0.101277 4372002687893869953024.000000
6X4 4000 384 176.654550 0.208626 4372007115422281760768.000000
6X4 4000 384 181.033448 0.203580 4372008880917970419712.000000
6X4 4000 384 184.432352 0.199828 4372010562614633955328.000000
6X4 4000 384 188.995762 0.195003 4372012271598772944896.000000
6X4 4000 384 188.443942 0.195574 4372013906485903884288.000000
6X4 5000 96 172.387934 0.083516 4372018953745357340672.000000
6X4 5000 96 170.678869 0.084352 4372019872877094371328.000000
6X4 5000 96 170.550629 0.084416 4372020793127704461312.000000
6X4 5000 96 171.045861 0.084171 4372021713830040043520.000000
6X4 5000 96 170.513733 0.084434 4372022637352068317184.000000
6X4 5000 192 181.564799 0.158589 4372027199575383080960.000000
6X4 5000 192 181.064786 0.159027 4372028600245746663424.000000
6X4 5000 192 181.202996 0.158906 4372030007913196027904.000000
6X4 5000 192 181.417203 0.158718 4372031405957938413568.000000
6X4 5000 192 176.316234 0.163310 4372032802265452511232.000000
6X4 5000 384 185.483986 0.310477 4372038459766736945152.000000
6X4 5000 384 186.129304 0.309400 4372040862686252105728.000000
6X4 5000 384 185.873915 0.309826 4372043220262837026816.000000
6X4 5000 384 185.773511 0.309993 4372045581914387513344.000000
6X4 5000 384 185.790978 0.309964 4372047944740458463232.000000
6X4 6000 96 163.128155 0.127094 4372056383073290289152.000000
6X4 6000 96 162.704859 0.127424 4372057575730266505216.000000
6X4 6000 96 162.125247 0.127880 4372058765449158983680.000000
6X4 6000 96 162.253558 0.127779 4372059961264781131776.000000
6X4 6000 96 162.904333 0.127268 4372061154984700936192.000000
6X4 6000 192 177.725550 0.233310 4372068679709468655616.000000
6X4 6000 192 176.952433 0.234329 4372070551381986508800.000000
6X4 6000 192 176.795256 0.234537 4372072426023624376320.000000
6X4 6000 192 176.621433 0.234768 4372074302987216355328.000000
6X4 6000 192 177.066953 0.234177 4372076180294828818432.000000
