6X4 1000 96 165.264675 0.003482 143964987354715881472.000000
6X4 1000 96 169.932178 0.003386 143965363293641080832.000000
6X4 1000 96 192.730666 0.002986 143965735773308862464.000000
6X4 1000 96 135.311517 0.004253 143966107088874307584.000000
6X4 1000 96 180.260173 0.003192 143966479824644472832.000000
6X4 1000 192 205.028731 0.005613 143966984687089631232.000000
6X4 1000 192 231.291456 0.004976 143967515824624664576.000000
6X4 1000 192 209.519218 0.005493 143967893644420153344.000000
6X4 1000 192 228.467653 0.005037 143968274331114749952.000000
6X4 1000 192 246.669204 0.004666 143968651757073498112.000000
6X4 1000 384 244.097226 0.009429 143969209898011967488.000000
6X4 1000 384 258.412337 0.008907 143969629384135049216.000000
6X4 1000 384 247.668334 0.009293 143970038303032967168.000000
6X4 1000 384 271.094420 0.008490 143970450342628327424.000000
6X4 1000 384 270.477130 0.008510 143970876056277483520.000000
6X4 1000 768 267.645450 0.017200 143971547471463055360.000000
6X4 1000 768 272.417768 0.016898 143972015409449304064.000000
6X4 1000 768 271.522344 0.016954 143972475674040647680.000000
6X4 1000 768 275.107223 0.016733 143972935923099320320.000000
6X4 1000 768 254.515018 0.018087 143973395973706596352.000000
6X4 2000 96 229.869770 0.010018 143974188466255904768.000000
6X4 2000 96 241.941442 0.009518 143974601146440187904.000000
6X4 2000 96 240.491902 0.009576 143975004093395877888.000000
6X4 2000 96 243.054648 0.009475 143975407348326121472.000000
6X4 2000 96 231.982448 0.009927 143975810342987497472.000000
6X4 2000 192 262.405638 0.017552 143976611318550691840.000000
6X4 2000 192 272.784761 0.016884 143977087097355649024.000000
6X4 2000 192 272.890983 0.016877 143977550074753318912.000000
6X4 2000 192 271.958946 0.016935 143977999480919687168.000000
6X4 2000 192 262.583428 0.017540 143978449196052348928.000000
6X4 2000 384 277.240279 0.033225 143979379475570638848.000000
6X4 2000 384 275.282177 0.033462 143980057156317577216.000000
6X4 2000 384 277.120699 0.033240 143980619555438280704.000000
6X4 2000 384 278.144481 0.033117 143981174476856918016.000000
6X4 2000 384 276.528146 0.033311 143981725992554135552.000000
6X4 2000 768 287.672011 0.064041 143982920483732848640.000000
6X4 2000 768 300.188924 0.061371 143983680501730033664.000000
6X4 2000 768 288.330069 0.063895 143984424390505644032.000000
6X4 2000 768 291.988592 0.063094 143985187183958687744.000000
6X4 2000 768 291.017560 0.063305 143985931211435130880.000000
6X4 3000 96 250.758527 0.020666 143987429149856186368.000000
6X4 3000 96 256.683373 0.020189 143987905778939576320.000000
6X4 3000 96 252.562027 0.020519 143988374163722518528.000000
6X4 3000 96 253.975909 0.020405 143988847179052482560.000000
6X4 3000 96 251.717963 0.020588 143989311136635699200.000000
6X4 3000 192 273.167364 0.037942 143990578900828291072.000000
6X4 3000 192 269.877172 0.038405 143991171375755460608.000000
6X4 3000 192 273.439881 0.037904 143991758359278108672.000000
6X4 3000 192 273.873455 0.037844 143992352127894831104.000000
6X4 3000 192 271.959791 0.038111 143992928157920460800.000000
6X4 3000 384 289.664670 0.071562 143994437530766557184.000000
6X4 3000 384 288.069096 0.071959 143995240786867257344.000000
6X4 3000 384 285.438273 0.072622 143996039179288068096.000000
6X4 3000 384 287.558766 0.072086 143996843632905453568.000000
6X4 3000 384 286.163774 0.072438 143997640075060805632.000000
6X4 3000 768 297.196891 0.139497 143999625544484814848.000000
6X4 3000 768 298.367117 0.138950 144000877933926137856.000000
6X4 3000 768 297.974782 0.139133 144002119067700887552.000000
6X4 3000 768 296.800130 0.139684 144003356786147803136.000000
6X4 3000 768 297.690843 0.139266 144004586172825337856.000000
6X4 4000 96 261.776785 0.035197 144007157546764222464.000000
6X4 4000 96 251.914403 0.036575 144007734167938564096.000000
6X4 4000 96 253.264238 0.036380 144008303160473321472.000000
6X4 4000 96 252.874532 0.036436 144008871156214464512.000000
6X4 4000 96 247.596084 0.037213 144009435627207065600.000000
6X4 4000 192 275.423399 0.066906 144011470998318088192.000000
6X4 4000 192 275.218648 0.066955 144012245048308187136.000000
6X4 4000 192 276.642665 0.066611 144013014272173735936.000000
6X4 4000 192 277.952816 0.066297 144013779616705118208.000000
6X4 4000 192 275.977911 0.066771 144014538525486301184.000000
6X4 4000 384 283.747274 0.129886 144016887417432899584.000000
6X4 4000 384 281.346509 0.130994 144018057992081555456.000000
6X4 4000 384 298.548076 0.123447 144019222808637685760.000000
6X4 4000 384 283.594951 0.129956 144020348543102992384.000000
6X4 4000 384 283.344587 0.130071 144021507299614670848.000000
6X4 4000 768 296.210169 0.248842 144024574694661292032.000000
6X4 4000 768 305.385160 0.241366 144026503256049680384.000000
6X4 4000 768 296.069183 0.248961 144028376791188013056.000000
6X4 4000 768 293.302676 0.251309 144030298120864727040.000000
6X4 4000 768 291.789966 0.252612 144032236387257450496.000000
6X4 5000 96 221.052976 0.065130 144036208296735621120.000000
6X4 5000 96 221.191876 0.065089 144036961588160364544.000000
6X4 5000 96 216.972131 0.066355 144037705914299154432.000000
6X4 5000 96 216.069837 0.066632 144038458286139949056.000000
6X4 5000 96 221.592875 0.064971 144039210977180729344.000000
6X4 5000 192 237.469984 0.121254 144042114340229152768.000000
6X4 5000 192 258.787452 0.111266 144043219824052256768.000000
6X4 5000 192 257.909552 0.111645 144044251388864659456.000000
6X4 5000 192 258.671105 0.111316 144045295849241264128.000000
6X4 5000 192 248.516318 0.115865 144046334842066108416.000000
6X4 5000 384 236.633425 0.243366 144049765997158563840.000000
6X4 5000 384 276.182943 0.208516 144051653021717004288.000000
6X4 5000 384 247.813499 0.232386 144053318333736173568.000000
6X4 5000 384 269.674709 0.213548 144055135403802083328.000000
6X4 5000 384 257.435702 0.223700 144056822456140120064.000000
6X4 5000 768 225.751090 0.510194 144061364717429817344.000000
6X4 5000 768 264.576190 0.435326 144064971207073497088.000000
6X4 5000 768 253.384650 0.454554 144068086099116179456.000000
6X4 5000 768 283.862607 0.405749 144071329398461169664.000000
6X4 5000 768 237.126170 0.485720 144074259738769063936.000000
6X4 6000 96 167.560087 0.123732 144080667249251876864.000000
6X4 6000 96 171.972422 0.120557 144081791260677275648.000000
6X4 6000 96 162.671888 0.127450 144082887720968060928.000000
6X4 6000 96 161.650035 0.128256 144084026642831147008.000000
6X4 6000 96 165.514174 0.125261 144085173312802570240.000000
6X4 6000 192 179.829844 0.230580 144089434179930357760.000000
6X4 6000 192 177.744240 0.233285 144091241924102586368.000000
6X4 6000 192 179.126603 0.231485 144093059712504299520.000000
6X4 6000 192 181.806328 0.228073 144094868299447435264.000000
6X4 6000 192 182.058717 0.227757 144096679494288080896.000000
6X4 6000 384 180.113654 0.460432 144101855559078903808.000000
6X4 6000 384 191.308127 0.433490 144105136433494016000.000000
6X4 6000 384 185.463545 0.447151 144108239748430069760.000000
6X4 6000 384 178.153738 0.465498 144111423761621237760.000000
6X4 6000 384 184.469258 0.449561 144114726960771268608.000000
6X4 6000 768 172.888511 0.959349 144121773157858983936.000000
6X4 6000 768 176.476774 0.939842 144128234449785602048.000000
6X4 6000 768 172.959054 0.958957 144134564819286605824.000000
6X4 6000 768 170.296873 0.973948 144141018123194351616.000000
6X4 6000 768 170.129842 0.974905 144147566180159717376.000000
4X5 1000 96 138.650439 0.004150 144157821426443780096.000000
4X5 1000 96 179.274948 0.003210 144158195841753055232.000000
4X5 1000 96 149.411376 0.003851 144158562057798713344.000000
4X5 1000 96 164.185160 0.003505 144158931678285840384.000000
4X5 1000 96 162.457873 0.003542 144159302484731314176.000000
4X5 1000 192 162.633639 0.007076 144159809294805172224.000000
4X5 1000 192 177.916571 0.006468 144160206284007735296.000000
4X5 1000 192 183.506122 0.006271 144160591948366069760.000000
4X5 1000 192 179.296482 0.006419 144160977410484240384.000000
4X5 1000 192 190.918542 0.006028 144161377582835597312.000000
4X5 1000 384 205.837986 0.011182 144161944733123985408.000000
4X5 1000 384 205.694964 0.011190 144162365207854989312.000000
4X5 1000 384 206.093767 0.011168 144162787227315437568.000000
4X5 1000 384 211.010926 0.010908 144163205157496193024.000000
4X5 1000 384 204.276909 0.011268 144163626591318360064.000000
4X5 1000 768 223.353575 0.020610 144164312386823225344.000000
4X5 1000 768 224.821831 0.020476 144164809861537546240.000000
4X5 1000 768 221.044666 0.020826 144165294275017375744.000000
4X5 1000 768 219.464265 0.020976 144165779164695461888.000000
4X5 1000 768 224.460142 0.020509 144166268569157419008.000000
4X5 2000 96 189.129657 0.012176 144167096371125649408.000000
4X5 2000 96 189.082200 0.012179 144167522701478723584.000000
4X5 2000 96 193.503988 0.011901 144167947786423861248.000000
4X5 2000 96 188.570282 0.012212 144168364548470210560.000000
4X5 2000 96 190.689199 0.012076 144168787325869899776.000000
4X5 2000 192 208.892524 0.022048 144169625569955971072.000000
4X5 2000 192 212.872392 0.021636 144170120661208039424.000000
4X5 2000 192 212.880362 0.021635 144170613093068210176.000000
4X5 2000 192 210.702548 0.021859 144171099460659920896.000000
4X5 2000 192 218.968320 0.021034 144171587518465867776.000000
4X5 2000 384 225.844461 0.040786 144172562002397937664.000000
4X5 2000 384 225.339621 0.040878 144173172107749851136.000000
4X5 2000 384 221.532489 0.041580 144173774988244516864.000000
4X5 2000 384 222.359877 0.041426 144174382639330902016.000000
4X5 2000 384 221.240446 0.041635 144174985888676790272.000000
4X5 2000 768 233.402707 0.078931 144176258387870679040.000000
4X5 2000 768 234.448688 0.078579 144177119617518518272.000000
4X5 2000 768 233.817546 0.078791 144177976193966981120.000000
4X5 2000 768 235.138563 0.078349 144178825493950660608.000000
4X5 2000 768 234.908843 0.078425 144179673168161292288.000000
4X5 3000 96 230.409568 0.022492 144181268660413693952.000000
4X5 3000 96 243.962894 0.021242 144181816878370471936.000000
4X5 3000 96 240.174585 0.021577 144182294711888936960.000000
4X5 3000 96 235.991710 0.021960 144182774723551346688.000000
4X5 3000 96 242.574109 0.021364 144183253519821783040.000000
4X5 3000 192 258.287500 0.040128 144184570847186272256.000000
4X5 3000 192 261.963567 0.039565 144185177876653441024.000000
4X5 3000 192 260.340029 0.039812 144185772289590165504.000000
4X5 3000 192 260.534104 0.039782 144186366318872543232.000000
4X5 3000 192 262.654837 0.039461 144186959301466882048.000000
4X5 3000 384 274.613780 0.075485 144188505179616837632.000000
4X5 3000 384 276.427904 0.074989 144189346910979555328.000000
4X5 3000 384 274.570778 0.075496 144190172704013369344.000000
4X5 3000 384 273.857593 0.075693 144190999381450489856.000000
4X5 3000 384 274.832617 0.075424 144191821398574186496.000000
4X5 3000 768 283.651219 0.146159 144193849153666400256.000000
4X5 3000 768 296.788642 0.139689 144195143107899310080.000000
4X5 3000 768 282.875258 0.146560 144196412668501393408.000000
4X5 3000 768 280.478063 0.147813 144197684411535441920.000000
4X5 3000 768 285.587859 0.145168 144198957691791736832.000000
4X5 4000 96 207.871768 0.044324 144201561448045559808.000000
4X5 4000 96 209.359958 0.044009 144202190571367743488.000000
4X5 4000 96 209.158621 0.044051 144202807297903312896.000000
4X5 4000 96 205.028983 0.044939 144203423465354067968.000000
4X5 4000 96 209.426175 0.043995 144204041262295990272.000000
4X5 4000 192 239.330977 0.076995 144206111094973300736.000000
4X5 4000 192 240.717885 0.076552 144206950007980998656.000000
4X5 4000 192 241.704040 0.076239 144207776135485276160.000000
4X5 4000 192 241.522232 0.076297 144208605796365336576.000000
4X5 4000 192 243.598526 0.075647 144209426099089129472.000000
4X5 4000 384 254.406750 0.144866 144211854960068476928.000000
4X5 4000 384 259.571420 0.141983 144213126400561709056.000000
4X5 4000 384 260.851288 0.141287 144214374932505722880.000000
4X5 4000 384 259.559408 0.141990 144215620855265837056.000000
4X5 4000 384 260.315632 0.141577 144216862455395762176.000000
4X5 4000 768 243.353170 0.302891 144220042170647937024.000000
4X5 4000 768 262.608782 0.280682 144222318416191700992.000000
4X5 4000 768 255.802100 0.288151 144224445591304536064.000000
4X5 4000 768 261.612561 0.281751 144226618118210355200.000000
4X5 4000 768 266.707237 0.276369 144228745504926351360.000000
4X5 5000 96 157.250259 0.091555 144232900443707424768.000000
4X5 5000 96 152.263454 0.094554 144233823150822883328.000000
4X5 5000 96 151.217969 0.095208 144234761759390302208.000000
4X5 5000 96 148.840701 0.096728 144235696810025222144.000000
4X5 5000 96 151.980352 0.094730 144236640524179652608.000000
4X5 5000 192 167.633034 0.171769 144239770750544740352.000000
4X5 5000 192 170.426713 0.168954 144241207529308061696.000000
4X5 5000 192 164.916067 0.174599 144242614641378557952.000000
4X5 5000 192 163.706595 0.175889 144244055757716045824.000000
4X5 5000 192 166.292919 0.173154 144245504518981255168.000000
4X5 5000 384 168.505215 0.341761 144249322078207950848.000000
4X5 5000 384 171.117847 0.336543 144251846258478546944.000000
4X5 5000 384 169.859662 0.339036 144254318935295688704.000000
4X5 5000 384 174.341707 0.330320 144256806330742505472.000000
4X5 5000 384 173.837570 0.331278 144259285484615368704.000000
4X5 5000 768 170.180891 0.676791 144264565826994585600.000000
4X5 5000 768 167.118527 0.689193 144269234431177146368.000000
4X5 5000 768 169.885063 0.677970 144273965179689418752.000000
4X5 5000 768 164.043544 0.702112 144278658070648389632.000000
4X5 5000 768 168.123682 0.685073 144283468384212680704.000000
4X5 6000 96 119.104801 0.174070 144291115749705449472.000000
4X5 6000 96 111.870043 0.185327 144292555079406305280.000000
4X5 6000 96 110.850854 0.187031 144294055578908868608.000000
4X5 6000 96 113.703250 0.182339 144295566840279744512.000000
4X5 6000 96 123.423709 0.167979 144297045220096966656.000000
4X5 6000 192 117.865739 0.351799 144301585371434778624.000000
4X5 6000 192 119.294253 0.347587 144304163097763495936.000000
4X5 6000 192 120.328400 0.344599 144306704554334011392.000000
4X5 6000 192 116.921392 0.354641 144309230936127700992.000000
4X5 6000 192 121.991592 0.339901 144311814773854519296.000000
4X5 6000 384 115.296522 0.719277 144317713822615552000.000000
4X5 6000 384 118.120585 0.702081 144322649216103186432.000000
4X5 6000 384 120.518591 0.688111 144327469992770912256.000000
4X5 6000 384 117.414982 0.706300 144332198357404909568.000000
4X5 6000 384 118.301204 0.701009 144337042258282774528.000000
4X5 6000 768 117.207263 1.415103 144345723423704711168.000000
4X5 6000 768 117.107641 1.416307 144355102862102904832.000000
4X5 6000 768 117.502924 1.411542 144364485764692901888.000000
4X5 6000 768 116.223908 1.427076 144373835587815866368.000000
4X5 6000 768 115.362139 1.437736 144383283995823505408.000000
3X6 1000 96 122.844520 0.004684 144396297901739180032.000000
3X6 1000 96 126.257420 0.004558 144396690793514745856.000000
3X6 1000 96 121.965664 0.004718 144397072994327592960.000000
3X6 1000 96 128.463503 0.004479 144397455416810881024.000000
3X6 1000 96 148.218630 0.003882 144397834883300753408.000000
3X6 1000 192 146.855056 0.007837 144398357517949812736.000000
3X6 1000 192 157.029692 0.007329 144398765002108600320.000000
3X6 1000 192 158.405397 0.007265 144399167046606897152.000000
3X6 1000 192 169.938451 0.006772 144399566379214094336.000000
3X6 1000 192 160.223134 0.007183 144399965943366975488.000000
3X6 1000 384 162.727015 0.014145 144400550611689717760.000000
3X6 1000 384 174.002446 0.013228 144400992615712423936.000000
3X6 1000 384 172.819189 0.013319 144401430125680951296.000000
3X6 1000 384 174.089478 0.013221 144401867137255866368.000000
3X6 1000 384 176.039214 0.013075 144402299450968702976.000000
3X6 1000 768 182.055686 0.025286 144402999868456861696.000000
3X6 1000 768 182.940726 0.025163 144403525449134538752.000000
3X6 1000 768 186.681243 0.024659 144404037729889763328.000000
3X6 1000 768 187.021793 0.024614 144404547215649898496.000000
3X6 1000 768 187.361849 0.024570 144405068554484580352.000000
3X6 2000 96 205.669365 0.011197 144405923201840300032.000000
3X6 2000 96 206.281032 0.011164 144406351962279657472.000000
3X6 2000 96 202.943143 0.011347 144406778873765560320.000000
3X6 2000 96 204.704605 0.011250 144407200599363600384.000000
3X6 2000 96 205.609354 0.011200 144407617259374804992.000000
3X6 2000 192 231.673975 0.019880 144408497636437966848.000000
3X6 2000 192 228.402229 0.020165 144408988329168633856.000000
3X6 2000 192 231.392127 0.019904 144409466760210300928.000000
3X6 2000 192 236.913363 0.019440 144409945642912776192.000000
3X6 2000 192 237.526520 0.019390 144410415318454042624.000000
3X6 2000 384 242.856709 0.037929 144411385480792801280.000000
3X6 2000 384 248.228794 0.037108 144411982700110118912.000000
3X6 2000 384 244.354986 0.037697 144412570596720738304.000000
3X6 2000 384 243.960448 0.037758 144413162321350328320.000000
3X6 2000 384 249.715087 0.036888 144413748887669768192.000000
3X6 2000 768 261.147758 0.070545 144415000883709575168.000000
3X6 2000 768 256.739219 0.071757 144415810502683525120.000000
3X6 2000 768 258.385473 0.071300 144416616325190434816.000000
3X6 2000 768 257.079599 0.071662 144417424087825235968.000000
3X6 2000 768 257.719826 0.071484 144418229477967380480.000000
3X6 3000 96 232.145043 0.022323 144419781727931351040.000000
3X6 3000 96 233.974143 0.022149 144420276524962496512.000000
3X6 3000 96 199.383697 0.025991 144420764508407037952.000000
3X6 3000 96 230.271466 0.022505 144421271167536889856.000000
3X6 3000 96 231.929762 0.022344 144421744762617200640.000000
3X6 3000 192 261.894249 0.039575 144423050281540763648.000000
3X6 3000 192 267.002269 0.038818 144423657205574385664.000000
3X6 3000 192 264.478493 0.039189 144424252155221426176.000000
3X6 3000 192 266.469470 0.038896 144424841703351992320.000000
3X6 3000 192 267.252453 0.038782 144425433433805570048.000000
3X6 3000 384 281.297540 0.073691 144426977932038766592.000000
3X6 3000 384 283.448578 0.073132 144427833766767312896.000000
3X6 3000 384 282.712048 0.073322 144428646554950516736.000000
3X6 3000 384 283.448811 0.073132 144429455690545250304.000000
3X6 3000 384 282.145981 0.073469 144430265464264769536.000000
3X6 3000 768 295.466094 0.140314 144432277403780169728.000000
3X6 3000 768 294.115286 0.140959 144433526407679377408.000000
3X6 3000 768 292.633293 0.141673 144434772290516271104.000000
3X6 3000 768 293.557030 0.141227 144436023176226471936.000000
3X6 3000 768 294.081991 0.140975 144437268570916208640.000000
3X6 4000 96 135.786996 0.067854 144439845245212737536.000000
3X6 4000 96 138.826316 0.066369 144440623364892459008.000000
3X6 4000 96 139.424791 0.066084 144441383953251172352.000000
3X6 4000 96 140.249595 0.065695 144442138262211952640.000000
3X6 4000 96 139.074237 0.066250 144442887634596855808.000000
3X6 4000 192 152.683709 0.120690 144445116353167048704.000000
3X6 4000 192 147.307198 0.125095 144446242024682061824.000000
3X6 4000 192 149.333370 0.123398 144447376855588421632.000000
3X6 4000 192 150.546228 0.122404 144448500645433049088.000000
3X6 4000 192 150.783261 0.122211 144449610694593527808.000000
3X6 4000 384 161.510633 0.228188 144452352899461038080.000000
3X6 4000 384 158.222866 0.232930 144454154162206343168.000000
3X6 4000 384 156.900931 0.234892 144455971585136263168.000000
3X6 4000 384 156.131442 0.236050 144457798518779330560.000000
3X6 4000 384 155.354692 0.237230 144459628267507040256.000000
3X6 4000 768 160.450905 0.459390 144463421192366997504.000000
3X6 4000 768 152.930600 0.481981 144466700594327896064.000000
3X6 4000 768 155.999934 0.472497 144470113175373168640.000000
3X6 4000 768 153.911232 0.478910 144473465128479195136.000000
3X6 4000 768 157.278495 0.468656 144476874770075156480.000000
3X6 5000 96 100.185705 0.143704 144482261528525783040.000000
3X6 5000 96 99.497615 0.144698 144483511765263253504.000000
3X6 5000 96 95.216231 0.151204 144484755418103496704.000000
3X6 5000 96 98.262725 0.146517 144486044127530172416.000000
3X6 5000 96 100.105610 0.143819 144487299406577860608.000000
3X6 5000 192 104.213580 0.276300 144490722224345939968.000000
3X6 5000 192 103.431783 0.278389 144492818958340292608.000000
3X6 5000 192 103.538385 0.278102 144494924830254333952.000000
3X6 5000 192 106.250080 0.271004 144497020328920629248.000000
3X6 5000 192 104.360918 0.275910 144499128530485641216.000000
3X6 5000 384 108.349143 0.531508 144503609551291973632.000000
3X6 5000 384 104.296499 0.552161 144507341308263792640.000000
3X6 5000 384 103.239546 0.557814 144511193938695192576.000000
3X6 5000 384 102.949619 0.559385 144515082080849543168.000000
3X6 5000 384 107.297683 0.536717 144518978587637137408.000000
3X6 5000 768 106.347414 1.083025 144525543236140875776.000000
3X6 5000 768 103.977607 1.107709 144532818404141940736.000000
3X6 5000 768 103.829410 1.109290 144540237844826947584.000000
3X6 5000 768 104.783099 1.099194 144547655881665642496.000000
3X6 5000 768 104.883118 1.098146 144555005138712592384.000000
3X6 6000 96 82.048650 0.252686 144565373390815002624.000000
3X6 6000 96 81.054076 0.255787 144567326807536500736.000000
3X6 6000 96 81.797636 0.253461 144569290527399837696.000000
3X6 6000 96 85.812815 0.241602 144571239649344045056.000000
3X6 6000 96 87.916346 0.235821 144573109319324205056.000000
3X6 6000 192 86.626350 0.478666 144578127242081288192.000000
3X6 6000 192 85.645215 0.484150 144581524899908190208.000000
3X6 6000 192 85.230647 0.486504 144584973692190162944.000000
3X6 6000 192 85.325550 0.485963 144588407901177020416.000000
3X6 6000 192 88.500438 0.468530 144591841773888389120.000000
3X6 6000 384 85.045379 0.975129 144598575038274895872.000000
3X6 6000 384 86.241288 0.961606 144605137453095583744.000000
3X6 6000 384 86.164312 0.962465 144611683664352215040.000000
3X6 6000 384 84.598613 0.980278 144618157758678155264.000000
3X6 6000 384 85.185024 0.973530 144624750151398178816.000000
3X6 6000 768 86.440993 1.918770 144635178690863923200.000000
3X6 6000 768 85.742582 1.934399 144647780737056161792.000000
3X6 6000 768 85.214652 1.946383 144660503464394473472.000000
3X6 6000 768 85.365168 1.942951 144673360663137206272.000000
3X6 6000 768 86.147236 1.925313 144686113637430771712.000000
3X3 1000 96 155.699602 0.003696 144702115551465881600.000000
3X3 1000 96 196.116884 0.002934 144702493032771780608.000000
3X3 1000 96 190.327632 0.003023 144702857255262388224.000000
3X3 1000 96 159.125966 0.003616 144703225444088774656.000000
3X3 1000 96 192.401108 0.002991 144703594525599924224.000000
3X3 1000 192 189.789337 0.006064 144704094501107728384.000000
3X3 1000 192 208.163172 0.005529 144704484269113802752.000000
3X3 1000 192 197.336616 0.005832 144704868066061058048.000000
3X3 1000 192 193.957927 0.005933 144705250545587519488.000000
3X3 1000 192 212.470548 0.005417 144705633254291603456.000000
3X3 1000 384 222.940962 0.010324 144706198414999355392.000000
3X3 1000 384 228.950211 0.010053 144706621460437385216.000000
3X3 1000 384 222.352809 0.010352 144707038933510914048.000000
3X3 1000 384 228.561623 0.010070 144707457885899489280.000000
3X3 1000 384 237.079422 0.009709 144707873633315553280.000000
3X3 1000 768 262.248506 0.017554 144708556347348615168.000000
3X3 1000 768 264.163265 0.017426 144709024040541257728.000000
3X3 1000 768 262.015203 0.017569 144709480145248026624.000000
3X3 1000 768 260.534992 0.017669 144709944862306435072.000000
3X3 1000 768 266.181325 0.017294 144710408923678408704.000000
3X3 2000 96 201.226541 0.011444 144711234325953970176.000000
3X3 2000 96 226.799147 0.010154 144711662936147197952.000000
3X3 2000 96 216.041041 0.010659 144712081436714795008.000000
3X3 2000 96 227.637377 0.010116 144712501848008982528.000000
3X3 2000 96 228.034397 0.010099 144712917247028166656.000000
3X3 2000 192 245.306382 0.018775 144713733159646625792.000000
3X3 2000 192 241.087017 0.019104 144714213209241796608.000000
3X3 2000 192 242.654668 0.018980 144714686627080519680.000000
3X3 2000 192 235.585220 0.019550 144715156082455478272.000000
3X3 2000 192 247.373245 0.018618 144715629923916578816.000000
3X3 2000 384 251.584195 0.036614 144716579859113836544.000000
3X3 2000 384 247.802431 0.037172 144717164138867048448.000000
3X3 2000 384 248.822660 0.037020 144717745629858775040.000000
3X3 2000 384 250.262859 0.036807 144718322596908302336.000000
3X3 2000 384 249.812906 0.036873 144718898388181975040.000000
3X3 2000 768 261.324837 0.070498 144720130603576311808.000000
3X3 2000 768 260.969584 0.070594 144720940101679841280.000000
3X3 2000 768 261.648464 0.070410 144721743688442871808.000000
3X3 2000 768 261.399963 0.070477 144722547308601065472.000000
3X3 2000 768 261.823298 0.070363 144723347482705084416.000000
3X3 3000 96 270.370108 0.019167 144724876467377422336.000000
3X3 3000 96 266.511479 0.019445 144725353015839784960.000000
3X3 3000 96 259.389629 0.019979 144725823556949262336.000000
3X3 3000 96 256.675783 0.020190 144726294242263318528.000000
3X3 3000 96 272.177151 0.019040 144726769476895571968.000000
3X3 3000 192 276.143986 0.037533 144728028910784626688.000000
3X3 3000 192 279.389534 0.037097 144728622423420534784.000000
3X3 3000 192 279.188367 0.037124 144729197626495778816.000000
3X3 3000 192 275.152727 0.037668 144729770561059127296.000000
3X3 3000 192 278.970639 0.037153 144730345647897837568.000000
3X3 3000 384 292.470108 0.070876 144731847293806542848.000000
3X3 3000 384 298.169894 0.069521 144732647244185665536.000000
3X3 3000 384 291.073785 0.071216 144733434570341498880.000000
3X3 3000 384 290.576937 0.071338 144734229392170549248.000000
3X3 3000 384 295.731343 0.070094 144735025631541952512.000000
3X3 3000 768 296.542752 0.139805 144736980199457030144.000000
3X3 3000 768 296.033795 0.140045 144738218726953517056.000000
3X3 3000 768 315.688670 0.131326 144739452688331800576.000000
3X3 3000 768 297.473305 0.139368 144740639003741306880.000000
3X3 3000 768 295.085496 0.140495 144741872307730841600.000000
3X3 4000 96 265.054539 0.034762 144744408413287202816.000000
3X3 4000 96 251.485112 0.036637 144744966177707327488.000000
3X3 4000 96 255.542791 0.036055 144745530302843863040.000000
3X3 4000 96 253.415222 0.036358 144746090024915140608.000000
3X3 4000 96 250.833394 0.036732 144746647832100061184.000000
3X3 4000 192 274.559591 0.067116 144748652491954995200.000000
3X3 4000 192 269.786348 0.068304 144749424640754843648.000000
3X3 4000 192 271.513103 0.067869 144750200366501642240.000000
3X3 4000 192 274.743489 0.067071 144750970498655109120.000000
3X3 4000 192 269.907768 0.068273 144751734652703293440.000000
3X3 4000 384 282.971724 0.130242 144754115564481871872.000000
3X3 4000 384 285.866853 0.128923 144755295198195679232.000000
3X3 4000 384 282.248719 0.130576 144756457852127952896.000000
3X3 4000 384 281.991290 0.130695 144757634400395558912.000000
3X3 4000 384 285.178161 0.129234 144758804972074582016.000000
3X3 4000 768 291.043714 0.253259 144761897390851129344.000000
3X3 4000 768 289.060378 0.254997 144763862866010472448.000000
3X3 4000 768 284.841812 0.258774 144765835362385444864.000000
3X3 4000 768 289.052809 0.255004 144767828815380201472.000000
3X3 4000 768 307.824155 0.239453 144769797611358552064.000000
3X3 5000 96 234.672992 0.061350 144773674485359935488.000000
3X3 5000 96 240.178180 0.059943 144774395761803853824.000000
3X3 5000 96 242.770132 0.059304 144775103051086872576.000000
3X3 5000 96 241.559202 0.059601 144775826665668280320.000000
3X3 5000 96 241.062688 0.059724 144776528681511387136.000000
3X3 5000 192 267.550369 0.107622 144779405388388564992.000000
3X3 5000 192 265.627428 0.108401 144780432047562833920.000000
3X3 5000 192 264.567448 0.108835 144781455510353281024.000000
3X3 5000 192 264.968224 0.108671 144782482327204347904.000000
3X3 5000 192 268.153553 0.107380 144783509564228157440.000000
3X3 5000 384 271.626037 0.212014 144786898114433155072.000000
3X3 5000 384 274.508294 0.209788 144788592227148398592.000000
3X3 5000 384 275.068828 0.209360 144790267636722270208.000000
3X3 5000 384 287.407043 0.200373 144791936841170042880.000000
3X3 5000 384 271.427770 0.212169 144793538164136329216.000000
3X3 5000 768 279.982679 0.411372 144797978548707934208.000000
3X3 5000 768 285.476607 0.403455 144800940445987127296.000000
3X3 5000 768 286.641831 0.401815 144803857715485999104.000000
3X3 5000 768 266.825800 0.431656 144806751971565223936.000000
3X3 5000 768 279.596778 0.411940 144809851487730286592.000000
3X3 6000 96 217.572169 0.095290 144815748465182588928.000000
3X3 6000 96 226.412278 0.091570 144816686699138908160.000000
3X3 6000 96 221.445945 0.093623 144817592671688802304.000000
3X3 6000 96 223.374734 0.092815 144818509517409419264.000000
3X3 6000 96 229.024231 0.090526 144819418286285553664.000000
3X3 6000 192 230.642316 0.179781 144823434274929524736.000000
3X3 6000 192 230.875733 0.179599 144824907759463890944.000000
3X3 6000 192 225.608784 0.183792 144826377164875169792.000000
3X3 6000 192 227.983226 0.181878 144827870648832507904.000000
3X3 6000 192 258.420665 0.160456 144829350344560148480.000000
3X3 6000 384 230.704731 0.359465 144834093119580585984.000000
3X3 6000 384 213.284856 0.388824 144836732275922255872.000000
3X3 6000 384 228.827977 0.362413 144839545756709584896.000000
3X3 6000 384 223.493482 0.371063 144842255358961270784.000000
3X3 6000 384 245.809829 0.337375 144844949606269714432.000000
3X3 6000 768 211.860607 0.782875 144851289142285598720.000000
3X3 6000 768 215.619652 0.769227 144856633821295149056.000000
3X3 6000 768 214.888475 0.771844 144861883994605387776.000000
3X3 6000 768 219.907100 0.754229 144867152711220412416.000000
3X3 6000 768 229.689727 0.722106 144872311861439250432.000000
3X2 1000 96 178.354041 0.003226 144880487907078438912.000000
3X2 1000 96 202.466441 0.002842 144880860159847038976.000000
3X2 1000 96 185.922680 0.003095 144881226342228819968.000000
3X2 1000 96 209.614241 0.002745 144881602465646723072.000000
3X2 1000 96 73.961859 0.007780 144881966045474947072.000000
3X2 1000 192 208.144235 0.005529 144882495683541270528.000000
3X2 1000 192 214.681850 0.005361 144882882485736357888.000000
3X2 1000 192 220.268150 0.005225 144883264824206786560.000000
3X2 1000 192 254.784312 0.004517 144883645493038972928.000000
3X2 1000 192 213.208324 0.005398 144884022085109743616.000000
3X2 1000 384 253.340112 0.009085 144884571454323851264.000000
3X2 1000 384 262.012712 0.008785 144884983228600909824.000000
3X2 1000 384 267.368468 0.008609 144885387148273500160.000000
3X2 1000 384 152.544769 0.015089 144885789401328566272.000000
3X2 1000 384 248.480313 0.009263 144886234797696663552.000000
3X2 1000 768 279.638436 0.016462 144886897347295526912.000000
3X2 1000 768 287.732735 0.015999 144887354702159118336.000000
3X2 1000 768 276.017335 0.016678 144887805705931767808.000000
3X2 1000 768 277.842446 0.016568 144888266968052727808.000000
3X2 1000 768 277.894726 0.016565 144888720207012429824.000000
3X2 2000 96 252.410001 0.009123 144889502174288478208.000000
3X2 2000 96 243.718000 0.009449 144889900451350249472.000000
3X2 2000 96 247.332356 0.009311 144890316403412631552.000000
3X2 2000 96 249.432566 0.009232 144890712224666419200.000000
3X2 2000 96 265.926043 0.008660 144891107331494625280.000000
3X2 2000 192 270.409437 0.017032 144891892027852226560.000000
3X2 2000 192 277.402286 0.016603 144892352162299674624.000000
3X2 2000 192 274.878226 0.016755 144892805934859321344.000000
3X2 2000 192 268.477402 0.017155 144893260660641398784.000000
3X2 2000 192 269.606189 0.017083 144893727934422843392.000000
3X2 2000 384 282.375065 0.032621 144894647895080779776.000000
3X2 2000 384 279.826799 0.032918 144895204792486592512.000000
3X2 2000 384 276.629468 0.033299 144895757155505373184.000000
3X2 2000 384 278.181331 0.033113 144896330224615833600.000000
3X2 2000 384 276.882148 0.033268 144896885493880979456.000000
3X2 2000 768 290.504576 0.063417 144898072639255216128.000000
3X2 2000 768 290.495075 0.063419 144898832633988415488.000000
3X2 2000 768 286.456018 0.064313 144899583433880469504.000000
3X2 2000 768 289.081017 0.063729 144900336750617264128.000000
3X2 2000 768 290.054509 0.063515 144901085426778177536.000000
3X2 3000 96 254.211051 0.020386 144902543825662050304.000000
3X2 3000 96 255.975191 0.020245 144903019558790250496.000000
3X2 3000 96 257.399295 0.020133 144903485785813729280.000000
3X2 3000 96 264.507463 0.019592 144903953024285982720.000000
3X2 3000 96 260.357144 0.019904 144904417123686793216.000000
3X2 3000 192 277.332939 0.037372 144905676125275062272.000000
3X2 3000 192 271.432183 0.038185 144906264491152801792.000000
3X2 3000 192 275.034845 0.037684 144906849778259558400.000000
3X2 3000 192 274.312632 0.037784 144907438036719697920.000000
3X2 3000 192 273.092099 0.037953 144908021737522561024.000000
3X2 3000 384 291.742620 0.071053 144909528595405602816.000000
3X2 3000 384 289.461156 0.071613 144910333577810198528.000000
3X2 3000 384 289.521545 0.071598 144911137306921975808.000000
3X2 3000 384 290.470794 0.071364 144911940686785806336.000000
3X2 3000 384 286.566574 0.072336 144912743357977706496.000000
3X2 3000 768 298.848634 0.138726 144914710664036040704.000000
3X2 3000 768 311.427277 0.133123 144915945437913579520.000000
3X2 3000 768 295.342835 0.140373 144917137454154776576.000000
3X2 3000 768 296.884386 0.139644 144918408421553635328.000000
3X2 3000 768 295.025275 0.140524 144919637228218580992.000000
3X2 4000 96 266.297526 0.034599 144922186323412746240.000000
3X2 4000 96 266.928702 0.034517 144922751516498067456.000000
3X2 4000 96 262.985156 0.035035 144923310045436575744.000000
3X2 4000 96 264.831514 0.034791 144923871028819722240.000000
3X2 4000 96 265.845732 0.034658 144924435279658647552.000000
3X2 4000 192 287.253023 0.064150 144926406791457701888.000000
3X2 4000 192 282.226630 0.065293 144927161753192808448.000000
3X2 4000 192 279.446502 0.065942 144927916592201383936.000000
3X2 4000 192 282.273709 0.065282 144928674216323448832.000000
3X2 4000 192 281.584999 0.065442 144929429394973818880.000000
3X2 4000 384 294.549507 0.125123 144931805997626130432.000000
3X2 4000 384 295.473981 0.124731 144932950027258593280.000000
3X2 4000 384 294.017486 0.125349 144934087216584081408.000000
3X2 4000 384 294.610458 0.125097 144935227951298248704.000000
3X2 4000 384 291.879097 0.126267 144936369272073191424.000000
3X2 4000 768 296.543076 0.248563 144939444566665019392.000000
3X2 4000 768 297.985244 0.247360 144941389212244623360.000000
3X2 4000 768 300.741896 0.245092 144943316424858615808.000000
3X2 4000 768 299.076851 0.246457 144945233598510006272.000000
3X2 4000 768 312.988319 0.235503 144947152317460430848.000000
3X2 5000 96 277.871761 0.051812 144951018958489518080.000000
3X2 5000 96 267.017281 0.053918 144951688849188749312.000000
3X2 5000 96 272.909492 0.052754 144952368272310059008.000000
3X2 5000 96 272.531150 0.052827 144953035337716645888.000000
3X2 5000 96 265.033566 0.054322 144953705675500748800.000000
3X2 5000 192 285.798517 0.100750 144956516191424233472.000000
3X2 5000 192 286.561403 0.100482 144957494250690543616.000000
3X2 5000 192 290.564700 0.099098 144958463192227364864.000000
3X2 5000 192 284.601148 0.101174 144959430742273720320.000000
3X2 5000 192 286.605774 0.100466 144960401687217160192.000000
3X2 5000 384 296.402594 0.194291 144963709155192569856.000000
3X2 5000 384 294.173869 0.195763 144965285122921775104.000000
3X2 5000 384 298.482193 0.192938 144966867678042619904.000000
3X2 5000 384 294.936052 0.195258 144968437373452091392.000000
3X2 5000 384 312.046069 0.184551 144970037971061719040.000000
3X2 5000 768 301.342082 0.382213 144974282282670374912.000000
3X2 5000 768 298.543609 0.385796 144977056841866002432.000000
3X2 5000 768 292.109393 0.394294 144979854990174109696.000000
3X2 5000 768 297.308106 0.387399 144982702554562936832.000000
3X2 5000 768 292.905195 0.393223 144985505415632388096.000000
3X2 6000 96 271.257087 0.076431 144991287116687310848.000000
3X2 6000 96 266.847873 0.077694 144992110042726187008.000000
3X2 6000 96 269.603802 0.076900 144992932864438583296.000000
3X2 6000 96 270.874365 0.076539 144993754421562392576.000000
3X2 6000 96 270.121163 0.076753 144994570294231941120.000000
3X2 6000 192 290.357719 0.142807 144998482363574517760.000000
3X2 6000 192 290.436309 0.142768 144999720251958362112.000000
3X2 6000 192 287.718476 0.144117 145000951659007213568.000000
3X2 6000 192 279.441839 0.148385 145002191874836529152.000000
3X2 6000 192 288.203371 0.143874 145003460982389030912.000000
3X2 6000 384 289.838799 0.286125 145008056928303169536.000000
3X2 6000 384 289.667549 0.286294 145010219791855845376.000000
3X2 6000 384 303.950193 0.272841 145012382043011743744.000000
3X2 6000 384 291.071337 0.284914 145014453612149768192.000000
3X2 6000 384 276.787066 0.299617 145016595685873090560.000000
3X2 6000 768 289.825182 0.572277 145022660017454645248.000000
3X2 6000 768 291.354281 0.569274 145026644376103403520.000000
3X2 6000 768 290.307423 0.571327 145030616090970423296.000000
3X2 6000 768 289.134676 0.573644 145034604331705417728.000000
3X2 6000 768 295.587719 0.561121 145038609495133978624.000000
2X3 1000 96 174.016074 0.003307 145045660653559054336.000000
2X3 1000 96 180.450619 0.003189 145046033630058741760.000000
2X3 1000 96 193.492481 0.002974 145046401820856369152.000000
2X3 1000 96 192.284288 0.002993 145046772042681008128.000000
2X3 1000 96 168.753860 0.003410 145047140744781037568.000000
2X3 1000 192 181.065276 0.006356 145047640552544829440.000000
2X3 1000 192 202.616439 0.005680 145048034863456272384.000000
2X3 1000 192 185.852811 0.006192 145048418868678688768.000000
2X3 1000 192 199.478203 0.005769 145048811454367875072.000000
2X3 1000 192 197.953976 0.005814 145049195039225479168.000000
2X3 1000 384 223.809211 0.010284 145049763495126663168.000000
2X3 1000 384 231.280115 0.009952 145050183110894501888.000000
2X3 1000 384 233.870674 0.009842 145050605803858952192.000000
2X3 1000 384 225.761782 0.010195 145051021374206214144.000000
2X3 1000 384 235.736711 0.009764 145051443038300291072.000000
2X3 1000 768 252.251812 0.018249 145052109366516629504.000000
2X3 1000 768 243.572751 0.018899 145052583978019225600.000000
2X3 1000 768 244.426003 0.018833 145053066444900696064.000000
2X3 1000 768 246.766815 0.018655 145053543292147302400.000000
2X3 1000 768 240.849001 0.019113 145054018410715480064.000000
2X3 2000 96 220.205699 0.010458 145054834134169124864.000000
2X3 2000 96 215.492047 0.010686 145055261837206962176.000000
2X3 2000 96 234.949152 0.009801 145055686032360144896.000000
2X3 2000 96 219.982471 0.010468 145056106679731126272.000000
2X3 2000 96 223.683671 0.010295 145056523399972667392.000000
2X3 2000 192 236.946357 0.019438 145057340142747795456.000000
2X3 2000 192 239.277581 0.019248 145057831571331252224.000000
2X3 2000 192 247.854326 0.018582 145058305546078748672.000000
2X3 2000 192 245.189776 0.018784 145058783918598897664.000000
2X3 2000 192 248.856083 0.018507 145059251728361062400.000000
2X3 2000 384 247.378825 0.037236 145060201607379140608.000000
2X3 2000 384 251.307742 0.036654 145060797088130170880.000000
2X3 2000 384 252.429105 0.036491 145061385066027122688.000000
2X3 2000 384 252.428891 0.036491 145061971421537075200.000000
2X3 2000 384 252.154397 0.036531 145062556778960601088.000000
2X3 2000 768 259.654374 0.070951 145063784325824069632.000000
2X3 2000 768 261.311685 0.070501 145064595164650700800.000000
2X3 2000 768 259.848406 0.070898 145065397159746600960.000000
2X3 2000 768 259.859369 0.070895 145066199020237684736.000000
2X3 2000 768 261.765873 0.070379 145067003998418272256.000000
2X3 3000 96 286.196678 0.018107 145068527528070070272.000000
2X3 3000 96 279.270146 0.018556 145068996441173032960.000000
2X3 3000 96 269.939398 0.019198 145069464678691995648.000000
2X3 3000 96 273.353442 0.018958 145069933779602964480.000000
2X3 3000 96 259.547941 0.019967 145070398909275701248.000000
2X3 3000 192 276.726723 0.037454 145071669676194611200.000000
2X3 3000 192 272.519280 0.038032 145072254160216637440.000000
2X3 3000 192 269.696181 0.038430 145072844163393404928.000000
2X3 3000 192 274.390424 0.037773 145073427416650694656.000000
2X3 3000 192 272.352949 0.038056 145074003627002658816.000000
2X3 3000 384 293.452103 0.070639 145075514621039116288.000000
2X3 3000 384 288.527468 0.071844 145076319310586052608.000000
2X3 3000 384 289.142207 0.071692 145077123205105876992.000000
2X3 3000 384 289.247062 0.071666 145077926986902536192.000000
2X3 3000 384 286.493715 0.072354 145078728944283189248.000000
2X3 3000 768 293.719112 0.141149 145080699556907892736.000000
2X3 3000 768 297.384940 0.139409 145081945764698374144.000000
2X3 3000 768 294.182154 0.140927 145083180161763049472.000000
2X3 3000 768 312.484059 0.132673 145084419943915454464.000000
2X3 3000 768 296.682372 0.139739 145085607038646501376.000000
2X3 4000 96 253.141174 0.036397 145088144663889215488.000000
2X3 4000 96 249.842393 0.036878 145088715597735870464.000000
2X3 4000 96 249.613505 0.036912 145089280274513936384.000000
2X3 4000 96 251.682159 0.036608 145089847111516094464.000000
2X3 4000 96 251.480643 0.036638 145090408651334418432.000000
2X3 4000 192 272.706580 0.067572 145092406481359323136.000000
2X3 4000 192 276.722848 0.066592 145093175042773729280.000000
2X3 4000 192 272.644693 0.067588 145093939847874674688.000000
2X3 4000 192 270.716544 0.068069 145094729974644736000.000000
2X3 4000 192 270.057668 0.068235 145095500299559829504.000000
2X3 4000 384 285.219387 0.129216 145097880366410399744.000000
2X3 4000 384 283.742553 0.129888 145099047250665701376.000000
2X3 4000 384 283.521696 0.129989 145100216431458402304.000000
2X3 4000 384 279.299159 0.131955 145101387271105478656.000000
2X3 4000 384 278.874150 0.132156 145102566737574510592.000000
2X3 4000 768 289.998548 0.254172 145105664376856379392.000000
2X3 4000 768 285.588508 0.258097 145107626029641449472.000000
2X3 4000 768 304.375705 0.242166 145109607636627259392.000000
2X3 4000 768 289.639615 0.254487 145111486095720546304.000000
2X3 4000 768 288.474086 0.255515 145113460438137061376.000000
2X3 5000 96 243.130715 0.059216 145117469109827764224.000000
2X3 5000 96 240.901820 0.059763 145118188040998223872.000000
2X3 5000 96 240.391945 0.059890 145118900822152970240.000000
2X3 5000 96 247.078790 0.058269 145119744146238832640.000000
2X3 5000 96 239.787642 0.060041 145120446750773280768.000000
2X3 5000 192 269.493419 0.106846 145123366465097728000.000000
2X3 5000 192 267.289866 0.107727 145124387892669038592.000000
2X3 5000 192 259.566525 0.110932 145125413218000191488.000000
2X3 5000 192 265.277369 0.108544 145126454170120912896.000000
2X3 5000 192 271.758797 0.105955 145127475558268256256.000000
2X3 5000 384 277.956856 0.207185 145130838345383378944.000000
2X3 5000 384 283.612308 0.203054 145132504112845635584.000000
2X3 5000 384 275.543470 0.209000 145134124222063788032.000000
2X3 5000 384 284.529468 0.202399 145135783522211266560.000000
2X3 5000 384 277.951983 0.207189 145137397109816983552.000000
2X3 5000 768 285.868373 0.402902 145141817871701540864.000000
2X3 5000 768 284.749934 0.404485 145144726114999369728.000000
2X3 5000 768 282.200424 0.408139 145147636656492199936.000000
2X3 5000 768 273.449297 0.421200 145150575761375657984.000000
2X3 5000 768 282.511953 0.407689 145153588193961000960.000000
2X3 6000 96 224.380404 0.092399 145159461385424109568.000000
2X3 6000 96 218.340045 0.094955 145160378581531934720.000000
2X3 6000 96 222.048910 0.093369 145161304365933641728.000000
2X3 6000 96 223.129730 0.092917 145162218247327793152.000000
2X3 6000 96 214.840269 0.096502 145163127253304885248.000000
2X3 6000 192 259.706195 0.159662 145167262866499092480.000000
2X3 6000 192 247.314623 0.167661 145168618180204724224.000000
2X3 6000 192 246.216251 0.168409 145170017384365195264.000000
2X3 6000 192 250.723150 0.165382 145171422894950907904.000000
2X3 6000 192 256.462541 0.161681 145172811311975890944.000000
2X3 6000 384 205.963541 0.402645 145177531876136615936.000000
2X3 6000 384 216.305782 0.383393 145180443861866397696.000000
2X3 6000 384 234.534911 0.353594 145183222590610505728.000000
2X3 6000 384 259.206849 0.319938 145185813916311339008.000000
2X3 6000 384 220.807093 0.375578 145188188608781484032.000000
2X3 6000 768 179.453462 0.924253 145194745875506348032.000000
2X3 6000 768 199.448957 0.831593 145200984162644115456.000000
2X3 6000 768 218.601319 0.758734 145206626049971535872.000000
2X3 6000 768 210.815219 0.786757 145211800269508001792.000000
2X3 6000 768 204.028634 0.812927 145217154492344352768.000000
