3X1 1000 96 142.493019 0.004038 13968785901335869440.000000
3X1 1000 96 163.906241 0.003511 13969250240077451264.000000
3X1 1000 96 147.390724 0.003904 13969694772196024320.000000
3X1 1000 96 153.543112 0.003748 13970175542379984896.000000
3X1 1000 96 155.479323 0.003701 13970652965402519552.000000
3X1 1000 192 155.472371 0.007402 13971333641278885888.000000
3X1 1000 192 176.185055 0.006532 13971817624275482624.000000
3X1 1000 192 160.484188 0.007171 13972301766491289600.000000
3X1 1000 192 164.303182 0.007004 13972779283280201728.000000
3X1 1000 192 172.568691 0.006669 13973265895966269440.000000
3X1 1000 384 170.057943 0.013535 13974037931018866688.000000
3X1 1000 384 179.822782 0.012800 13974557337840900096.000000
3X1 1000 384 175.221490 0.013136 13975069899786465280.000000
3X1 1000 384 162.805168 0.014138 13975580108439363584.000000
3X1 1000 384 177.452766 0.012971 13976100251280556032.000000
3X1 2000 96 164.903297 0.013965 13977193837945868288.000000
3X1 2000 96 170.960879 0.013470 13977713386931087360.000000
3X1 2000 96 171.923688 0.013395 13978224853958320128.000000
3X1 2000 96 174.546989 0.013193 13978748763711326208.000000
3X1 2000 96 171.908005 0.013396 13979272765304326144.000000
3X1 2000 192 179.870829 0.025606 13980475663247392768.000000
3X1 2000 192 184.463732 0.024968 13981081043325917184.000000
3X1 2000 192 181.947751 0.025313 13981677753363281920.000000
3X1 2000 192 177.780880 0.025907 13982267666613786624.000000
3X1 2000 192 181.171342 0.025422 13982856989349120000.000000
3X1 2000 384 177.387293 0.051928 13984275777118177280.000000
3X1 2000 384 185.595893 0.049631 13985040065105565696.000000
3X1 2000 384 185.045300 0.049779 13985819802551375872.000000
3X1 2000 384 185.665459 0.049613 13986591439517601792.000000
3X1 2000 384 183.804175 0.050115 13987341381598494720.000000
3X1 3000 96 176.967680 0.029284 13989317341838897152.000000
3X1 3000 96 176.396849 0.029378 13989942623010834432.000000
3X1 3000 96 176.742242 0.029321 13990550544798042112.000000
3X1 3000 96 179.490687 0.028872 13991155273068601344.000000
3X1 3000 96 179.856442 0.028813 13991765095508512768.000000
3X1 3000 192 184.685477 0.056120 13993737100638707712.000000
3X1 3000 192 187.154386 0.055380 13994518778711621632.000000
3X1 3000 192 181.096322 0.057232 13995293712772081664.000000
3X1 3000 192 187.920351 0.055154 13996081241923100672.000000
3X1 3000 192 187.038315 0.055414 13996877948590467072.000000
3X1 3000 384 186.972066 0.110867 13999257709508278272.000000
3X1 3000 384 187.861898 0.110342 14000388843301326848.000000
3X1 3000 384 188.016335 0.110252 14001517293689700352.000000
3X1 3000 384 189.874863 0.109172 14002642188001452032.000000
3X1 3000 384 188.029641 0.110244 14003764554985336832.000000
3X1 4000 96 174.325980 0.052853 14007161634495483904.000000
3X1 4000 96 176.647676 0.052159 14007911115859613696.000000
3X1 4000 96 177.641302 0.051867 14008667916871376896.000000
3X1 4000 96 177.261927 0.051978 14009461109138911232.000000
3X1 4000 96 177.390560 0.051940 14010218265657851904.000000
3X1 4000 192 183.967136 0.100167 14013450070014662656.000000
3X1 4000 192 182.461058 0.100994 14014504270672355328.000000
3X1 4000 192 185.122245 0.099542 14015565202510491648.000000
3X1 4000 192 185.481725 0.099349 14016626992012617728.000000
3X1 4000 192 185.513977 0.099332 14017676590174535680.000000
3X1 4000 384 188.459042 0.195559 14021506308818247680.000000
3X1 4000 384 187.350387 0.196716 14023200453245536256.000000
3X1 4000 384 187.281936 0.196788 14024884272502145024.000000
3X1 4000 384 185.095720 0.199112 14026562485327044608.000000
3X1 4000 384 189.448941 0.194537 14028253664000864256.000000
3X1 5000 96 174.630931 0.082443 14033431950653968384.000000
3X1 5000 96 176.224794 0.081697 14034365940444069888.000000
3X1 5000 96 178.513305 0.080650 14035306857510621184.000000
3X1 5000 96 177.933765 0.080913 14036234971224221696.000000
3X1 5000 96 179.208972 0.080337 14037164975280117760.000000
3X1 5000 192 182.831292 0.157491 14041892332259749888.000000
3X1 5000 192 184.591669 0.155989 14043310242896052224.000000
3X1 5000 192 184.818836 0.155797 14044717857584072704.000000
3X1 5000 192 182.465512 0.157806 14046128350236749824.000000
3X1 5000 192 183.957666 0.156526 14047558152802054144.000000
3X1 5000 384 185.930862 0.309731 14053209670074683392.000000
3X1 5000 384 186.150089 0.309366 14055611439388194816.000000
3X1 5000 384 188.280148 0.305866 14057999328324790272.000000
3X1 5000 384 187.345685 0.307392 14060380675239327744.000000
3X1 5000 384 188.696459 0.305191 14062763806064183296.000000
3X2 1000 96 152.212303 0.003780 14072618353936246784.000000
3X2 1000 96 170.546178 0.003374 14073158941461221376.000000
3X2 1000 96 164.215007 0.003504 14073653329391699968.000000
3X2 1000 96 163.346273 0.003523 14074145511261489152.000000
3X2 1000 96 161.754454 0.003557 14074650451677835264.000000
3X2 1000 192 163.481807 0.007040 14075405771896076288.000000
3X2 1000 192 165.999240 0.006933 14075924686986930176.000000
3X2 1000 192 171.534406 0.006709 14076466661340635136.000000
3X2 1000 192 172.355731 0.006677 14077025578784684032.000000
3X2 1000 192 165.289740 0.006963 14077547846483372032.000000
3X2 1000 384 177.191380 0.012990 14078360544106737664.000000
3X2 1000 384 178.769103 0.012875 14078917396181295104.000000
3X2 1000 384 181.377766 0.012690 14079467780236972032.000000
3X2 1000 384 180.200448 0.012773 14079987341759789056.000000
3X2 1000 384 178.253086 0.012913 14080538625284235264.000000
3X2 2000 96 168.073233 0.013701 14081625899617067008.000000
3X2 2000 96 174.554054 0.013193 14082148018304569344.000000
3X2 2000 96 163.542106 0.014081 14082662975469219840.000000
3X2 2000 96 170.671827 0.013493 14083189731430082560.000000
3X2 2000 96 171.326770 0.013441 14083728462654349312.000000
3X2 2000 192 176.603669 0.026079 14085114119186661376.000000
3X2 2000 192 178.421422 0.025814 14085742905395220480.000000
3X2 2000 192 178.593605 0.025789 14086365561780088832.000000
3X2 2000 192 178.167060 0.025850 14086989284545701888.000000
3X2 2000 192 178.522234 0.025799 14087615423515994112.000000
3X2 2000 384 177.456046 0.051908 14089076901682921472.000000
3X2 2000 384 182.308915 0.050526 14089866215825858560.000000
3X2 2000 384 183.373010 0.050233 14090650705898631168.000000
3X2 2000 384 182.464536 0.050483 14091447401372391424.000000
3X2 2000 384 185.677996 0.049609 14092207096208009216.000000
3X2 3000 96 169.741634 0.030530 14094228173386954752.000000
3X2 3000 96 172.556568 0.030032 14094893762851266560.000000
3X2 3000 96 171.693007 0.030183 14095585181491910656.000000
3X2 3000 96 173.122010 0.029934 14096245419910080512.000000
3X2 3000 96 171.857363 0.030154 14096926327050450944.000000
3X2 3000 192 177.938635 0.058248 14099048189952356352.000000
3X2 3000 192 175.775086 0.058965 14099868916855320576.000000
3X2 3000 192 179.713633 0.057673 14100715763430574080.000000
3X2 3000 192 179.044062 0.057888 14101563164885807104.000000
3X2 3000 192 168.965539 0.061341 14102382803750428672.000000
3X2 3000 384 180.124697 0.115082 14105051909159372800.000000
3X2 3000 384 171.711991 0.120720 14106237609266483200.000000
3X2 3000 384 184.078701 0.112610 14107499497529788416.000000
3X2 3000 384 184.194865 0.112539 14108654203033659392.000000
3X2 3000 384 181.174791 0.114415 14109789874797674496.000000
3X2 4000 96 170.272397 0.054112 14113245622464884736.000000
3X2 4000 96 171.930522 0.053590 14114052694763737088.000000
3X2 4000 96 176.179012 0.052297 14114838581764433920.000000
3X2 4000 96 174.260204 0.052873 14115639763356372992.000000
3X2 4000 96 175.583532 0.052475 14116398509897656320.000000
3X2 4000 192 182.704726 0.100859 14119694516811243520.000000
3X2 4000 192 182.245724 0.101113 14120776856321921024.000000
3X2 4000 192 182.155816 0.101163 14121843438450995200.000000
3X2 4000 192 179.369556 0.102734 14122909272196100096.000000
3X2 4000 192 182.864421 0.100771 14123975070728413184.000000
3X2 4000 384 187.152545 0.196924 14127802320527452160.000000
3X2 4000 384 185.689371 0.198475 14129468657890533376.000000
3X2 4000 384 186.689025 0.197413 14131147377000220672.000000
3X2 4000 384 186.302839 0.197822 14132827278906605568.000000
3X2 4000 384 185.179579 0.199022 14134503949184370688.000000
3X2 5000 96 175.138343 0.082204 14139706112553060352.000000
3X2 5000 96 174.266363 0.082616 14140636429792940032.000000
3X2 5000 96 175.368529 0.082096 14141577606347493376.000000
3X2 5000 96 171.097322 0.084146 14142526550146439168.000000
3X2 5000 96 171.285450 0.084053 14143487745515991040.000000
3X2 5000 192 173.806859 0.165668 14148293998498058240.000000
3X2 5000 192 172.772557 0.166660 14149807878684762112.000000
3X2 5000 192 178.453109 0.161355 14151337553769877504.000000
3X2 5000 192 176.702900 0.162953 14152848390865543168.000000
3X2 5000 192 168.744698 0.170638 14154346935021019136.000000
3X2 5000 384 181.502995 0.317287 14160194956437405696.000000
3X2 5000 384 179.752281 0.320377 14162666299014651904.000000
3X2 5000 384 179.721083 0.320433 14165162874134624256.000000
3X2 5000 384 181.242193 0.317743 14167694299115253760.000000
3X2 5000 384 183.872760 0.313197 14170178603599034368.000000
3X3 1000 96 110.985913 0.005185 14180047014056007680.000000
3X3 1000 96 119.272728 0.004824 14180504378205945856.000000
3X3 1000 96 119.779435 0.004804 14180950057185259520.000000
3X3 1000 96 132.982795 0.004327 14181397783914876928.000000
3X3 1000 96 132.823176 0.004332 14181868396588951552.000000
3X3 1000 192 142.826489 0.008058 14182558294378434560.000000
3X3 1000 192 149.265126 0.007710 14183053021688117248.000000
3X3 1000 192 149.808686 0.007682 14183545991481065472.000000
3X3 1000 192 139.959084 0.008223 14184050127443050496.000000
3X3 1000 192 145.930530 0.007886 14184533037690939392.000000
3X3 1000 384 150.218750 0.015322 14185315655539785728.000000
3X3 1000 384 159.957447 0.014389 14185857268799102976.000000
3X3 1000 384 153.893142 0.014956 14186399260912832512.000000
3X3 1000 384 153.019059 0.015042 14186934656425232384.000000
3X3 1000 384 156.029320 0.014752 14187453062152910848.000000
3X3 2000 96 159.535066 0.014435 14188565322602897408.000000
3X3 2000 96 159.082343 0.014476 14189110368886046720.000000
3X3 2000 96 150.189827 0.015333 14189642383899443200.000000
3X3 2000 96 161.023267 0.014301 14190167459585196032.000000
3X3 2000 96 157.716709 0.014601 14190686785639227392.000000
3X3 2000 192 168.105715 0.027398 14191898779185020928.000000
3X3 2000 192 170.685420 0.026984 14192522153221050368.000000
3X3 2000 192 171.554939 0.026847 14193128152589156352.000000
3X3 2000 192 164.355733 0.028023 14193739786433769472.000000
3X3 2000 192 170.878814 0.026953 14194349625302482944.000000
3X3 2000 384 172.130630 0.053514 14195804628352927744.000000
3X3 2000 384 174.665736 0.052737 14196563219579004928.000000
3X3 2000 384 174.435776 0.052807 14197318666549219328.000000
3X3 2000 384 175.045326 0.052623 14198075760424976384.000000
3X3 2000 384 175.833953 0.052387 14198828640182532096.000000
3X3 3000 96 167.004245 0.031031 14200841487973089280.000000
3X3 3000 96 169.384217 0.030595 14201468530322536448.000000
3X3 3000 96 167.574161 0.030925 14202085734656471040.000000
3X3 3000 96 167.389280 0.030959 14202722583143036928.000000
3X3 3000 96 167.490804 0.030941 14203343661441585152.000000
3X3 3000 192 175.811855 0.058952 14205364196770955264.000000
3X3 3000 192 174.200920 0.059498 14206162041588662272.000000
3X3 3000 192 177.127680 0.058515 14206977188479107072.000000
3X3 3000 192 175.479824 0.059064 14207806249692059648.000000
3X3 3000 192 177.077584 0.058531 14208620776889724928.000000
3X3 3000 384 180.918351 0.114577 14211055134572808192.000000
3X3 3000 384 180.891379 0.114594 14212210098931056640.000000
3X3 3000 384 180.204828 0.115031 14213363526290987008.000000
3X3 3000 384 181.764569 0.114044 14214539910462570496.000000
3X3 3000 384 181.505836 0.114206 14215706856509825024.000000
3X3 4000 96 167.547207 0.054992 14219176051209967616.000000
3X3 4000 96 169.533916 0.054347 14219943029213229056.000000
3X3 4000 96 171.189607 0.053822 14220723657289379840.000000
3X3 4000 96 170.621368 0.054001 14221484552720136192.000000
3X3 4000 96 170.611646 0.054004 14222244988778117120.000000
3X3 4000 192 178.412609 0.103285 14225506037843859456.000000
3X3 4000 192 179.713410 0.102538 14226580889886124032.000000
3X3 4000 192 177.656652 0.103725 14227651299464601600.000000
3X3 4000 192 179.712402 0.102538 14228730972959418368.000000
3X3 4000 192 179.501767 0.102659 14229801960137869312.000000
3X3 4000 384 184.016876 0.200279 14233723552082575360.000000
3X3 4000 384 184.511922 0.199742 14235432442473940992.000000
3X3 4000 384 184.650932 0.199592 14237118817826424832.000000
3X3 4000 384 184.995459 0.199220 14238818209895053312.000000
3X3 4000 384 184.449833 0.199809 14240526191736057856.000000
3X3 5000 96 166.975877 0.086223 14245834379880177664.000000
3X3 5000 96 167.486807 0.085960 14246791693560381440.000000
3X3 5000 96 167.549065 0.085928 14247746418805444608.000000
3X3 5000 96 167.586095 0.085909 14248706046047064064.000000
3X3 5000 96 166.884725 0.086270 14249680809447929856.000000
3X3 5000 192 175.242344 0.164311 14254449237043103744.000000
3X3 5000 192 173.584013 0.165881 14255904450839140352.000000
3X3 5000 192 175.136371 0.164410 14257367067975608320.000000
3X3 5000 192 174.863533 0.164667 14258840208484354048.000000
3X3 5000 192 174.138778 0.165352 14260302075240056832.000000
3X3 5000 384 179.631384 0.320593 14266044340322549760.000000
3X3 5000 384 179.386213 0.321031 14268515429382995968.000000
3X3 5000 384 179.654262 0.320552 14270974766584827904.000000
3X3 5000 384 179.268801 0.321241 14273475710728581120.000000
3X3 5000 384 178.862212 0.321971 14275939556083779584.000000
3X4 1000 96 120.512793 0.004775 14285983027498409984.000000
3X4 1000 96 141.713609 0.004060 14286450646022240256.000000
3X4 1000 96 134.472665 0.004279 14286902684713230336.000000
3X4 1000 96 147.770097 0.003894 14287356641560930304.000000
3X4 1000 96 133.106640 0.004323 14287808574383128576.000000
3X4 1000 192 142.915970 0.008053 14288487397325195264.000000
3X4 1000 192 156.471559 0.007355 14288962827983026176.000000
3X4 1000 192 156.626481 0.007348 14289426641118236672.000000
3X4 1000 192 160.535744 0.007169 14289893121888509952.000000
3X4 1000 192 155.794978 0.007387 14290375956213166080.000000
3X4 1000 384 172.792969 0.013321 14291157502830092288.000000
3X4 1000 384 179.470019 0.012825 14291685742611679232.000000
3X4 1000 384 171.858751 0.013393 14292207868780773376.000000
3X4 1000 384 175.184188 0.013139 14292723965164556288.000000
3X4 1000 384 172.164504 0.013369 14293234420985446400.000000
3X4 2000 96 161.025890 0.014301 14294318378294446080.000000
3X4 2000 96 162.883035 0.014138 14294834320463851520.000000
3X4 2000 96 165.030443 0.013954 14295348029116975104.000000
3X4 2000 96 163.716076 0.014066 14295859763510177792.000000
3X4 2000 96 170.183205 0.013532 14296370360982249472.000000
3X4 2000 192 172.245448 0.026739 14297583755321591808.000000
3X4 2000 192 176.361719 0.026115 14298185940123467776.000000
3X4 2000 192 175.914507 0.026181 14298775924125968384.000000
3X4 2000 192 176.460555 0.026100 14299366323802050560.000000
3X4 2000 192 177.718996 0.025916 14299955917884569600.000000
3X4 2000 384 182.318657 0.050524 14301386584840241152.000000
3X4 2000 384 182.327409 0.050521 14302134058409263104.000000
3X4 2000 384 185.067082 0.049773 14302877651632885760.000000
3X4 2000 384 183.531167 0.050190 14303634543595034624.000000
3X4 2000 384 182.287423 0.050532 14304378526495440896.000000
3X4 3000 96 167.535151 0.030932 14306401877530271744.000000
3X4 3000 96 169.641067 0.030548 14307022278491250688.000000
3X4 3000 96 170.323332 0.030426 14307637341033297920.000000
3X4 3000 96 169.321358 0.030606 14308254887172024320.000000
3X4 3000 96 162.286828 0.031933 14308872653195532288.000000
3X4 3000 192 178.469931 0.058074 14310954176419463168.000000
3X4 3000 192 178.540192 0.058052 14311750084910858240.000000
3X4 3000 192 178.270782 0.058139 14312545644717484032.000000
3X4 3000 192 179.024343 0.057895 14313343796357574656.000000
3X4 3000 192 178.399446 0.058097 14314144773507928064.000000
3X4 3000 384 184.795133 0.112173 14316564825578926080.000000
3X4 3000 384 184.324140 0.112460 14317708014168162304.000000
3X4 3000 384 184.453111 0.112381 14318850658379825152.000000
3X4 3000 384 185.194411 0.111931 14319995976511363072.000000
3X4 3000 384 183.013281 0.113265 14321135927635171328.000000
3X4 4000 96 171.230253 0.053809 14324566648154839040.000000
3X4 4000 96 169.526417 0.054350 14325366908057219072.000000
3X4 4000 96 170.185489 0.054139 14326155531070582784.000000
3X4 4000 96 170.766362 0.053955 14326927010577614848.000000
3X4 4000 96 170.475967 0.054047 14327712609872736256.000000
3X4 4000 192 175.197470 0.105181 14331050485936246784.000000
3X4 4000 192 175.661770 0.104903 14332143333587195904.000000
3X4 4000 192 176.390518 0.104469 14333223744131579904.000000
3X4 4000 192 178.136332 0.103445 14334306541191034880.000000
3X4 4000 192 176.366059 0.104484 14335408352655933440.000000
3X4 4000 384 184.427483 0.199833 14339353470583492608.000000
3X4 4000 384 183.769989 0.200548 14341078773543624704.000000
3X4 4000 384 182.821422 0.201589 14342828214627360768.000000
3X4 4000 384 182.947167 0.201450 14344535503175622656.000000
3X4 4000 384 183.229620 0.201140 14346274814723825664.000000
3X4 5000 96 172.518281 0.083453 14351554974191017984.000000
3X4 5000 96 169.647846 0.084865 14352495628057579520.000000
3X4 5000 96 167.953931 0.085721 14353445257405306880.000000
3X4 5000 96 170.055656 0.084661 14354406281011650560.000000
3X4 5000 96 171.636371 0.083882 14355364185533353984.000000
3X4 5000 192 179.009429 0.160853 14360090271517845504.000000
3X4 5000 192 178.330689 0.161465 14361534030319269888.000000
3X4 5000 192 178.194280 0.161589 14362981319424497664.000000
3X4 5000 192 178.882757 0.160967 14364437027710111744.000000
3X4 5000 192 177.314797 0.162391 14365885731560878080.000000
3X4 5000 384 183.959190 0.313050 14371520370837544960.000000
3X4 5000 384 184.594497 0.311973 14373938318787049472.000000
3X4 5000 384 183.715178 0.313466 14376357751235676160.000000
3X4 5000 384 184.530251 0.312082 14378785828656670720.000000
3X4 5000 384 184.458997 0.312202 14381203995345371136.000000
3X5 1000 96 102.852933 0.005595 14391330248631052288.000000
3X5 1000 96 117.945207 0.004879 14391794164857473024.000000
3X5 1000 96 132.325427 0.004349 14392249378575499264.000000
3X5 1000 96 120.907766 0.004759 14392710083326859264.000000
3X5 1000 96 111.257132 0.005172 14393191759872378880.000000
3X5 1000 192 124.991325 0.009207 14393877449022111744.000000
3X5 1000 192 130.989909 0.008786 14394371444690190336.000000
3X5 1000 192 129.072388 0.008916 14394861706144079872.000000
3X5 1000 192 130.645295 0.008809 14395348482516543488.000000
3X5 1000 192 129.422001 0.008892 14395834456181843968.000000
3X5 1000 384 135.606210 0.016973 14396620592859336704.000000
3X5 1000 384 143.932203 0.015992 14397165130380906496.000000
3X5 1000 384 141.570042 0.016258 14397696943263121408.000000
3X5 1000 384 141.153276 0.016306 14398227816407777280.000000
3X5 1000 384 145.153061 0.015857 14398762774269026304.000000
3X5 2000 96 144.275524 0.015961 14399886640484829184.000000
3X5 2000 96 150.898650 0.015261 14400424823478726656.000000
3X5 2000 96 151.163825 0.015234 14400953380514697216.000000
3X5 2000 96 148.688523 0.015488 14401479188552409088.000000
3X5 2000 96 148.481041 0.015509 14402005718503682048.000000
3X5 2000 192 156.203257 0.029485 14403215359332804608.000000
3X5 2000 192 160.948686 0.028616 14403835110687412224.000000
3X5 2000 192 160.127315 0.028763 14404444487232942080.000000
3X5 2000 192 163.099142 0.028239 14405054847445622784.000000
3X5 2000 192 160.946430 0.028616 14405669604470884352.000000
3X5 2000 384 166.275014 0.055399 14407114292110655488.000000
3X5 2000 384 166.928647 0.055182 14407900046189764608.000000
3X5 2000 384 167.004881 0.055156 14408681152998715392.000000
3X5 2000 384 168.664795 0.054614 14409462817817225216.000000
3X5 2000 384 166.464145 0.055336 14410241502840686592.000000
3X5 3000 96 159.034486 0.032586 14412276262393360384.000000
3X5 3000 96 158.999042 0.032593 14412911619641583616.000000
3X5 3000 96 159.858089 0.032418 14413543997606764544.000000
3X5 3000 96 158.664000 0.032662 14414176004877559808.000000
3X5 3000 96 160.749397 0.032238 14414808316692375552.000000
3X5 3000 192 171.112731 0.060571 14416831952264757248.000000
3X5 3000 192 166.215084 0.062356 14417641451053094912.000000
3X5 3000 192 170.286312 0.060865 14418464509891938304.000000
3X5 3000 192 170.319875 0.060853 14419279992884764672.000000
3X5 3000 192 170.259766 0.060875 14420095681272782848.000000
3X5 3000 384 176.399804 0.117512 14422533664504483840.000000
3X5 3000 384 174.947247 0.118488 14423707674884182016.000000
3X5 3000 384 177.397419 0.116851 14424890453244241920.000000
3X5 3000 384 176.958752 0.117141 14426062050689671168.000000
3X5 3000 384 177.004382 0.117111 14427236124506161152.000000
3X5 4000 96 165.223845 0.055765 14430682847930621952.000000
3X5 4000 96 164.008560 0.056178 14431486016600866816.000000
3X5 4000 96 162.821112 0.056588 14432270780881625088.000000
3X5 4000 96 163.432817 0.056376 14433057385975089152.000000
3X5 4000 96 164.360645 0.056058 14433841546742290432.000000
3X5 4000 192 176.623977 0.104331 14437121233464700928.000000
3X5 4000 192 175.874059 0.104776 14438207543861528576.000000
3X5 4000 192 175.063347 0.105261 14439288127449151488.000000
3X5 4000 192 174.862663 0.105382 14440376472220344320.000000
3X5 4000 192 174.355996 0.105688 14441465813241071616.000000
3X5 4000 384 181.986175 0.202514 14445344953987919872.000000
3X5 4000 384 181.860389 0.202654 14447050694536230912.000000
3X5 4000 384 180.596596 0.204072 14448759849657174016.000000
3X5 4000 384 181.630627 0.202911 14450483421666992128.000000
3X5 4000 384 181.667992 0.202869 14452196961101314048.000000
3X5 5000 96 168.165190 0.085613 14457516458160144384.000000
3X5 5000 96 165.816675 0.086826 14458468627949332480.000000
3X5 5000 96 166.685851 0.086373 14459428758224525312.000000
3X5 5000 96 169.713076 0.084832 14460392540896337920.000000
3X5 5000 96 163.939871 0.087820 14461358969731219456.000000
3X5 5000 192 178.483350 0.161327 14466174885720819712.000000
3X5 5000 192 177.604583 0.162126 14467616601059934208.000000
3X5 5000 192 179.697550 0.160237 14469064987003516928.000000
3X5 5000 192 178.223264 0.161563 14470516330361346048.000000
3X5 5000 192 178.646375 0.161180 14471964393770547200.000000
3X5 5000 384 183.851398 0.313234 14477572269278953472.000000
3X5 5000 384 183.317781 0.314146 14479987349375799296.000000
3X5 5000 384 182.624324 0.315338 14482405299942903808.000000
3X5 5000 384 184.122228 0.312773 14484842208640253952.000000
3X5 5000 384 183.000867 0.314690 14487269967104462848.000000
3X6 1000 96 113.648959 0.005063 14497638355187650560.000000
3X6 1000 96 132.647792 0.004338 14498102218754863104.000000
3X6 1000 96 116.865361 0.004924 14498596789104525312.000000
3X6 1000 96 113.921750 0.005051 14499118661948831744.000000
3X6 1000 96 123.336003 0.004665 14499598489592043520.000000
3X6 1000 192 131.849172 0.008729 14500285226319302656.000000
3X6 1000 192 138.653228 0.008300 14500771818122176512.000000
3X6 1000 192 147.099282 0.007824 14501256465297944576.000000
3X6 1000 192 138.205951 0.008327 14501754744793026560.000000
3X6 1000 192 139.110994 0.008273 14502239782163978240.000000
3X6 1000 384 148.936465 0.015454 14503032159935557632.000000
3X6 1000 384 152.133850 0.015129 14503567285745602560.000000
3X6 1000 384 153.617827 0.014983 14504094922743218176.000000
3X6 1000 384 153.811703 0.014964 14504619285296201728.000000
3X6 1000 384 153.572237 0.014988 14505143561148389376.000000
3X6 2000 96 143.450078 0.016053 14506250515345838080.000000
3X6 2000 96 141.401274 0.016286 14506784550999136256.000000
3X6 2000 96 146.883114 0.015678 14507312907401517056.000000
3X6 2000 96 147.556412 0.015607 14507840205506355200.000000
3X6 2000 96 140.724667 0.016364 14508412215992952832.000000
3X6 2000 192 152.532269 0.030195 14509625598818684928.000000
3X6 2000 192 156.559728 0.029418 14510244119043756032.000000
3X6 2000 192 154.511165 0.029808 14510855215083601920.000000
3X6 2000 192 153.668658 0.029972 14511472424799940608.000000
3X6 2000 192 158.876282 0.028989 14512085632711688192.000000
3X6 2000 384 158.579573 0.058087 14513528335231545344.000000
3X6 2000 384 163.220795 0.056435 14514334182186457088.000000
3X6 2000 384 162.851122 0.056563 14515141741902866432.000000
3X6 2000 384 162.945096 0.056531 14515930168193054720.000000
3X6 2000 384 162.721611 0.056608 14516718056288061440.000000
3X6 3000 96 163.189787 0.031756 14518739148084602880.000000
3X6 3000 96 164.044254 0.031591 14519365007688513536.000000
3X6 3000 96 162.988561 0.031795 14520000025090363392.000000
3X6 3000 96 165.159219 0.031377 14520630672604428288.000000
3X6 3000 96 164.963633 0.031415 14521299511892590592.000000
3X6 3000 192 178.208807 0.058160 14523324410127343616.000000
3X6 3000 192 177.499654 0.058392 14524121758529081344.000000
3X6 3000 192 177.761758 0.058306 14524915734828572672.000000
3X6 3000 192 176.617003 0.058684 14525713959300671488.000000
3X6 3000 192 173.891414 0.059604 14526512461820743680.000000
3X6 3000 384 184.361075 0.112437 14528954316290650112.000000
3X6 3000 384 185.612001 0.111680 14530097129033510912.000000
3X6 3000 384 183.379833 0.113039 14531238208752455680.000000
3X6 3000 384 182.796157 0.113400 14532387659722178560.000000
3X6 3000 384 184.644146 0.112265 14533542999747602432.000000
3X6 4000 96 163.713278 0.056279 14536988988624912384.000000
3X6 4000 96 160.171696 0.057524 14537760190167154688.000000
3X6 4000 96 163.036493 0.056513 14538540682697730048.000000
3X6 4000 96 157.429259 0.058526 14539320594703536128.000000
3X6 4000 96 158.596734 0.058095 14540109371201703936.000000
3X6 4000 192 172.929955 0.106560 14543380961873321984.000000
3X6 4000 192 170.761091 0.107913 14544483254880602112.000000
3X6 4000 192 169.981729 0.108408 14545601898767069184.000000
3X6 4000 192 169.663924 0.108611 14546720021200764928.000000
3X6 4000 192 170.002888 0.108395 14547829483436494848.000000
3X6 4000 384 178.241750 0.206769 14551728688707127296.000000
3X6 4000 384 178.448830 0.206529 14553462501958039552.000000
3X6 4000 384 178.314023 0.206685 14555201286082297856.000000
3X6 4000 384 177.235731 0.207942 14556944846353524736.000000
3X6 4000 384 178.348771 0.206644 14558695855641970688.000000
3X6 5000 96 157.239828 0.091562 14564012369545746432.000000
3X6 5000 96 152.259372 0.094557 14565010452823844864.000000
3X6 5000 96 156.270608 0.092129 14566028560670531584.000000
3X6 5000 96 152.568195 0.094365 14567037970239268864.000000
3X6 5000 96 153.304685 0.093912 14568057519557890048.000000
3X6 5000 192 167.951508 0.171444 14572930221855051776.000000
3X6 5000 192 166.757363 0.172671 14574436547725338624.000000
3X6 5000 192 169.201746 0.170177 14575950096974465024.000000
3X6 5000 192 166.980118 0.172441 14577454681763231744.000000
3X6 5000 192 165.672242 0.173802 14578973387191296000.000000
3X6 5000 384 175.071746 0.328942 14584730055927459840.000000
3X6 5000 384 173.816089 0.331318 14587281638039879680.000000
3X6 5000 384 174.104797 0.330769 14589812485650946048.000000
3X6 5000 384 174.927653 0.329213 14592346482087432192.000000
3X6 5000 384 174.574984 0.329878 14594869971222067200.000000
3X7 1000 96 91.230476 0.006307 14605323816184156160.000000
3X7 1000 96 106.070211 0.005425 14605798816454819840.000000
3X7 1000 96 101.321170 0.005679 14606262071202859008.000000
3X7 1000 96 102.303911 0.005625 14606726613374832640.000000
3X7 1000 96 105.450698 0.005457 14607191278535600128.000000
3X7 1000 192 118.449732 0.009716 14607883063288207360.000000
3X7 1000 192 123.231275 0.009339 14608381189976940544.000000
3X7 1000 192 122.027856 0.009431 14608874183379451904.000000
3X7 1000 192 129.423617 0.008892 14609367565114785792.000000
3X7 1000 192 129.235202 0.008905 14609865195413104640.000000
3X7 1000 384 131.400070 0.017517 14610676546655739904.000000
3X7 1000 384 135.988898 0.016926 14611225813514672128.000000
3X7 1000 384 131.012337 0.017569 14611770673487433728.000000
3X7 1000 384 131.066230 0.017561 14612317333050501120.000000
3X7 1000 384 132.112139 0.017422 14612870395250042880.000000
3X7 2000 96 145.117538 0.015869 14614018503192643584.000000
3X7 2000 96 150.861560 0.015265 14614579846550173696.000000
3X7 2000 96 150.605716 0.015291 14615126033594861568.000000
3X7 2000 96 146.441215 0.015725 14615666124076658688.000000
3X7 2000 96 135.765698 0.016962 14616193450789490688.000000
3X7 2000 192 156.918856 0.029351 14617417232641906688.000000
3X7 2000 192 158.381184 0.029080 14618048055240761344.000000
3X7 2000 192 160.891680 0.028626 14618686095624861696.000000
3X7 2000 192 160.950879 0.028616 14619314353647845376.000000
3X7 2000 192 159.227867 0.028925 14619937239779903488.000000
3X7 2000 384 166.602595 0.055290 14621420047654563840.000000
3X7 2000 384 164.443548 0.056016 14622218567710633984.000000
3X7 2000 384 166.934873 0.055180 14623020860720121856.000000
3X7 2000 384 166.048109 0.055474 14623845885190868992.000000
3X7 2000 384 167.114327 0.055120 14624638924792817664.000000
3X7 3000 96 155.846724 0.033252 14626710823358027776.000000
3X7 3000 96 158.455120 0.032705 14627352801463529472.000000
3X7 3000 96 156.150715 0.033188 14627990977431615488.000000
3X7 3000 96 157.969527 0.032806 14628654007068864512.000000
3X7 3000 96 153.860039 0.033682 14629293438729691136.000000
3X7 3000 192 171.990717 0.060262 14631381401370894336.000000
3X7 3000 192 170.864967 0.060659 14632267791278571520.000000
3X7 3000 192 170.177220 0.060904 14633076647398131712.000000
3X7 3000 192 170.488320 0.060793 14633896707664336896.000000
3X7 3000 192 170.088015 0.060936 14634709337255698432.000000
3X7 3000 384 177.060228 0.117074 14637196507550490624.000000
3X7 3000 384 175.432550 0.118160 14638388241302149120.000000
3X7 3000 384 173.439180 0.119518 14639581191712913408.000000
3X7 3000 384 179.127591 0.115722 14640831078690406400.000000
3X7 3000 384 178.457952 0.116157 14642012157741764608.000000
3X7 4000 96 156.252770 0.058967 14645563518984990720.000000
3X7 4000 96 159.099287 0.057912 14646357039610914816.000000
3X7 4000 96 157.725771 0.058416 14647145707302678528.000000
3X7 4000 96 152.599364 0.060378 14647936975621521408.000000
3X7 4000 96 157.317922 0.058567 14648743885360369664.000000
3X7 4000 192 173.826697 0.106010 14652073292944302080.000000
3X7 4000 192 174.613629 0.105532 14653171090419009536.000000
3X7 4000 192 172.941350 0.106553 14654260453865340928.000000
3X7 4000 192 172.773023 0.106657 14655361710527080448.000000
3X7 4000 192 174.337724 0.105699 14656462112673656832.000000
3X7 4000 384 182.521049 0.201921 14660362108491464704.000000
3X7 4000 384 182.999028 0.201393 14662066427107037184.000000
3X7 4000 384 182.784578 0.201630 14663771933063368704.000000
3X7 4000 384 182.573271 0.201863 14665481406821097472.000000
3X7 4000 384 181.242571 0.203345 14667187864098969600.000000
3X7 5000 96 145.646804 0.098850 14672573605967278080.000000
3X7 5000 96 143.838950 0.100092 14673635714387779584.000000
3X7 5000 96 144.239277 0.099814 14674691673208576000.000000
3X7 5000 96 144.828310 0.099408 14675762416745447424.000000
3X7 5000 96 145.223485 0.099138 14676818570651031552.000000
3X7 5000 192 163.664760 0.175934 14681762733251825664.000000
3X7 5000 192 163.015390 0.176635 14683313876873469952.000000
3X7 5000 192 160.326409 0.179598 14684856110946756608.000000
3X7 5000 192 162.093084 0.177640 14686425806689075200.000000
3X7 5000 192 161.834632 0.177924 14687985605663881216.000000
3X7 5000 384 172.623967 0.333607 14693797157885300736.000000
3X7 5000 384 170.704367 0.337358 14696336853431922688.000000
3X7 5000 384 169.510430 0.339734 14698900907518128128.000000
3X7 5000 384 170.433822 0.337893 14701486271823962112.000000
3X7 5000 384 170.070868 0.338615 14704062620680839168.000000
