2X1 1000 24 24.104226 0.005968 42224422004054827008.000000
2X1 1000 24 54.050825 0.002661 42225389745100808192.000000
2X1 1000 24 71.559860 0.002010 42225777879859003392.000000
2X1 1000 24 63.996811 0.002248 42226113362178220032.000000
2X1 1000 24 61.392705 0.002343 42226448844881453056.000000
2X1 1000 96 41.350122 0.013916 42235538988708544512.000000
2X1 1000 96 43.525925 0.013220 42236538553413771264.000000
2X1 1000 96 44.390005 0.012963 42236989535240806400.000000
2X1 1000 96 57.652360 0.009981 42237393846273417216.000000
2X1 1000 96 70.162475 0.008201 42237773173435219968.000000
2X1 1000 192 26.891108 0.042797 42246938552688967680.000000
2X1 1000 192 42.049168 0.027369 42248114292182171648.000000
2X1 1000 192 36.229820 0.031765 42248656706766274560.000000
2X1 1000 192 28.848126 0.039893 42249179653876162560.000000
2X1 1000 192 44.453109 0.025889 42249755023120941056.000000
2X1 2000 24 56.609061 0.010170 42259215032075149312.000000
2X1 2000 24 77.823307 0.007398 42260272142959902720.000000
2X1 2000 24 81.842572 0.007034 42260764369290469376.000000
2X1 2000 24 85.225125 0.006755 42261215966669496320.000000
2X1 2000 24 82.077310 0.007014 42261666945296564224.000000
2X1 2000 96 64.738669 0.035571 42271073383559020544.000000
2X1 2000 96 77.244766 0.029812 42272291226429341696.000000
2X1 2000 96 81.258574 0.028340 42272925199069650944.000000
2X1 2000 96 86.138696 0.026734 42273513107840237568.000000
2X1 2000 96 79.374757 0.029012 42274090239849783296.000000
2X1 2000 192 52.244539 0.088157 42283674152381800448.000000
2X1 2000 192 55.006669 0.083730 42285230384835174400.000000
2X1 2000 192 52.666050 0.087451 42286205363788029952.000000
2X1 2000 192 57.088243 0.080677 42287169737486966784.000000
2X1 2000 192 55.570079 0.082881 42288085169313234944.000000
2X1 3000 24 81.217134 0.015952 42298299359708135424.000000
2X1 3000 24 97.122237 0.013340 42299497395257851904.000000
2X1 3000 24 100.740205 0.012860 42300140972697640960.000000
2X1 3000 24 102.199811 0.012677 42300745340910632960.000000
2X1 3000 24 103.518212 0.012515 42301350400585981952.000000
2X1 3000 96 81.732046 0.063406 42311187099729346560.000000
2X1 3000 96 81.238062 0.063791 42312707650200502272.000000
2X1 3000 96 89.823640 0.057694 42313668466683674624.000000
2X1 3000 96 99.731985 0.051962 42314559577301524480.000000
2X1 3000 96 88.601387 0.058490 42315416363377074176.000000
2X1 3000 192 44.759030 0.231563 42325647011812761600.000000
2X1 3000 192 45.946064 0.225581 42328235781372813312.000000
2X1 3000 192 64.262756 0.161284 42330235151858540544.000000
2X1 3000 192 47.435405 0.218498 42331788628363255808.000000
2X1 3000 192 47.149207 0.219824 42333711801284706304.000000
2X1 4000 24 93.526046 0.024629 42345420835336036352.000000
2X1 4000 24 108.446110 0.021240 42346927850300710912.000000
2X1 4000 24 110.251212 0.020893 42347864840794628096.000000
2X1 4000 24 108.758515 0.021179 42348774321414774784.000000
2X1 4000 24 107.573308 0.021413 42349682427078180864.000000
2X1 4000 96 41.525339 0.221881 42360349989418401792.000000
2X1 4000 96 93.530083 0.098511 42363117225996836864.000000
2X1 4000 96 92.949535 0.099126 42364561220740644864.000000
2X1 4000 96 38.509592 0.239257 42365961217982636032.000000
2X1 4000 96 94.124922 0.097888 42368256909611868160.000000
2X1 4000 192 87.085093 0.211602 42379462936379555840.000000
2X1 4000 192 98.401351 0.187268 42382182388531576832.000000
2X1 4000 192 66.591931 0.276721 42384185151727443968.000000
2X1 4000 192 89.941347 0.204882 42386730406160187392.000000
2X1 4000 192 88.333914 0.208611 42388812859393671168.000000
2X2 1000 24 23.077297 0.006234 42401374400595951616.000000
2X2 1000 24 73.545185 0.001956 42402335342327128064.000000
2X2 1000 24 76.878433 0.001871 42402716153885696000.000000
2X2 1000 24 75.556408 0.001904 42403052933004738560.000000
2X2 1000 24 78.313699 0.001837 42403385878095396864.000000
2X2 1000 96 63.601217 0.009047 42412490620654559232.000000
2X2 1000 96 112.438295 0.005118 42413460641290862592.000000
2X2 1000 96 108.208761 0.005318 42413855989661499392.000000
2X2 1000 96 89.587011 0.006423 42414211249496530944.000000
2X2 1000 96 89.028341 0.006463 42414580590335705088.000000
2X2 1000 192 43.970534 0.026173 42423731223702134784.000000
2X2 1000 192 73.413930 0.015676 42424813048006443008.000000
2X2 1000 192 46.414590 0.024795 42425277046594445312.000000
2X2 1000 192 59.962951 0.019193 42425760037085495296.000000
2X2 1000 192 45.405612 0.025346 42426204561831272448.000000
2X2 2000 24 68.287933 0.008431 42435656307374686208.000000
2X2 2000 24 136.067355 0.004231 42436701949645611008.000000
2X2 2000 24 135.601716 0.004246 42437161920156999680.000000
2X2 2000 24 137.075526 0.004200 42437584735540658176.000000
2X2 2000 24 139.101861 0.004139 42438009093509840896.000000
2X2 2000 96 122.883842 0.018740 42447379208478130176.000000
2X2 2000 96 126.647997 0.018183 42448477361325621248.000000
2X2 2000 96 164.384700 0.014009 42449032999653040128.000000
2X2 2000 96 129.743478 0.017749 42449526734674788352.000000
2X2 2000 96 130.093441 0.017701 42450044659378462720.000000
2X2 2000 192 83.272761 0.055309 42459559680515522560.000000
2X2 2000 192 91.004634 0.050609 42460913869599801344.000000
2X2 2000 192 88.976861 0.051763 42461674028755460096.000000
2X2 2000 192 88.871228 0.051824 42462410823444955136.000000
2X2 2000 192 53.243926 0.086502 42463142087670792192.000000
2X2 3000 24 109.876632 0.011791 42473382215549190144.000000
2X2 3000 24 160.584624 0.008068 42474560443899887616.000000
2X2 3000 24 164.903440 0.007857 42475178252406579200.000000
2X2 3000 24 165.138667 0.007845 42475756513888092160.000000
2X2 3000 24 170.597309 0.007594 42476330763152162816.000000
2X2 3000 96 156.057267 0.033208 42486178781181378560.000000
2X2 3000 96 156.908464 0.033027 42487515765261697024.000000
2X2 3000 96 155.209561 0.033389 42488287457146314752.000000
2X2 3000 96 169.627174 0.030551 42489031092014743552.000000
2X2 3000 96 174.725193 0.029660 42489755170532130816.000000
2X2 3000 192 80.472609 0.128796 42499815967129894912.000000
2X2 3000 192 105.502906 0.098239 42501745523302227968.000000
2X2 3000 192 96.411093 0.107504 42502940646583271424.000000
2X2 3000 192 67.625693 0.153263 42504153264135430144.000000
2X2 3000 192 75.112747 0.137986 42505657414940237824.000000
2X2 4000 24 136.438860 0.016882 42516878299019182080.000000
2X2 4000 24 184.436903 0.012489 42518335725423108096.000000
2X2 4000 24 183.371293 0.012562 42519207052304343040.000000
2X2 4000 24 179.893527 0.012804 42520053982885994496.000000
2X2 4000 24 176.368073 0.013060 42520902681761955840.000000
2X2 4000 96 149.179538 0.061762 42531447806636310528.000000
2X2 4000 96 165.096954 0.055808 42533211155252125696.000000
2X2 4000 96 170.064312 0.054178 42534366361331965952.000000
2X2 4000 96 153.294326 0.060105 42535483107554533376.000000
2X2 4000 96 63.110167 0.145994 42536638398683963392.000000
2X2 4000 192 124.186200 0.148385 42548126896400760832.000000
2X2 4000 192 104.421306 0.176472 42550424423057096704.000000
2X2 4000 192 134.717327 0.136786 42552360498262671360.000000
2X2 4000 192 136.686183 0.134815 42554005037444448256.000000
2X2 4000 192 107.438658 0.171515 42555637317158002688.000000
2X3 1000 24 24.295416 0.005921 42567967807357509632.000000
2X3 1000 24 83.803940 0.001717 42568920915911450624.000000
2X3 1000 24 100.114412 0.001437 42569299814945316864.000000
2X3 1000 24 88.350992 0.001628 42569636495952470016.000000
2X3 1000 24 99.579134 0.001445 42569969621945393152.000000
2X3 1000 96 50.586414 0.011375 42579067883442667520.000000
2X3 1000 96 137.051170 0.004199 42580067676243705856.000000
2X3 1000 96 119.975130 0.004796 42580466711404560384.000000
2X3 1000 96 113.601685 0.005065 42580821354145234944.000000
2X3 1000 96 128.917608 0.004464 42581175005141942272.000000
2X3 1000 192 48.638274 0.023661 42590305552928620544.000000
2X3 1000 192 93.944490 0.012250 42591367924465926144.000000
2X3 1000 192 62.403333 0.018442 42591809939202195456.000000
2X3 1000 192 81.772156 0.014074 42592254246546374656.000000
2X3 1000 192 107.256612 0.010730 42592666106621763584.000000
2X3 2000 24 69.326199 0.008304 42602016898736635904.000000
2X3 2000 24 149.229722 0.003858 42603058738146934784.000000
2X3 2000 24 151.544633 0.003799 42603527920497893376.000000
2X3 2000 24 152.371112 0.003778 42603958838818734080.000000
2X3 2000 24 149.690718 0.003846 42604389731686809600.000000
2X3 2000 96 129.336317 0.017805 42613773270673620992.000000
2X3 2000 96 165.542406 0.013911 42614879880461500416.000000
2X3 2000 96 170.458515 0.013510 42615407798790283264.000000
2X3 2000 96 183.101517 0.012577 42615904408615075840.000000
2X3 2000 96 177.109647 0.013002 42616393949921804288.000000
2X3 2000 192 104.594101 0.044034 42625894316467576832.000000
2X3 2000 192 107.618570 0.042796 42627165949600800768.000000
2X3 2000 192 119.653850 0.038492 42627873148829433856.000000
2X3 2000 192 128.611026 0.035811 42628527285718327296.000000
2X3 2000 192 130.362805 0.035330 42629159552611516416.000000
2X3 3000 24 107.559755 0.012045 42639067821280894976.000000
2X3 3000 24 188.796964 0.006862 42640259659058110464.000000
2X3 3000 24 175.940076 0.007364 42640861402279231488.000000
2X3 3000 24 173.829740 0.007453 42641435449815343104.000000
2X3 3000 24 171.090871 0.007572 42642012091636088832.000000
2X3 3000 96 155.291707 0.033371 42651839198280736768.000000
2X3 3000 96 197.975469 0.026176 42653169029465440256.000000
2X3 3000 96 201.240379 0.025752 42653898985294544896.000000
2X3 3000 96 197.287489 0.026268 42654588775839260672.000000
2X3 3000 96 196.475911 0.026376 42655289483900182528.000000
2X3 3000 192 97.136639 0.106701 42665372022820093952.000000
2X3 3000 192 96.407327 0.107508 42667154708772552704.000000
2X3 3000 192 116.988105 0.088595 42668396693011267584.000000
2X3 3000 192 88.614035 0.116963 42669494355081183232.000000
2X3 3000 192 121.745761 0.085133 42670768802511839232.000000
2X3 4000 24 144.756915 0.015912 42681623166941937664.000000
2X3 4000 24 202.746975 0.011361 42683081387022622720.000000
2X3 4000 24 198.575605 0.011600 42683941537930027008.000000
2X3 4000 24 190.573770 0.012087 42684772693037252608.000000
2X3 4000 24 198.914041 0.011580 42685610070480199680.000000
2X3 4000 96 181.375225 0.050799 42696129613762215936.000000
2X3 4000 96 191.775662 0.048044 42697803989403287552.000000
2X3 4000 96 199.664992 0.046146 42698911447293517824.000000
2X3 4000 96 195.197388 0.047202 42699977084123430912.000000
2X3 4000 96 193.246611 0.047678 42701049446796206080.000000
2X3 4000 192 147.699716 0.124763 42711887588833517568.000000
2X3 4000 192 148.469413 0.124116 42714049268130209792.000000
2X3 4000 192 170.750335 0.107920 42715643735781711872.000000
2X3 4000 192 173.941189 0.105940 42717100632700862464.000000
2X3 4000 192 174.165886 0.105804 42718550475732353024.000000
3X1 1000 24 24.688938 0.005827 42730446158081597440.000000
3X1 1000 24 76.840736 0.001872 42731388959468052480.000000
3X1 1000 24 68.616172 0.002097 42731768399609085952.000000
3X1 1000 24 74.391935 0.001934 42732109056411230208.000000
3X1 1000 24 70.501853 0.002040 42732442426436173824.000000
3X1 1000 96 57.387809 0.010027 42741610784140935168.000000
3X1 1000 96 76.964386 0.007476 42742597219342835712.000000
3X1 1000 96 85.484799 0.006731 42743014428608372736.000000
3X1 1000 96 75.893392 0.007582 42743378403124576256.000000
3X1 1000 96 92.416390 0.006226 42743753581640212480.000000
3X1 1000 192 36.886993 0.031199 42752916424561278976.000000
3X1 1000 192 58.695500 0.019607 42754033546239795200.000000
3X1 1000 192 51.573541 0.022315 42754527319667924992.000000
3X1 1000 192 45.633908 0.025219 42754991571235151872.000000
3X1 1000 192 41.204707 0.027930 42755474716260556800.000000
3X1 2000 24 64.154762 0.008974 42764932402430877696.000000
3X1 2000 24 110.738613 0.005199 42765960315678818304.000000
3X1 2000 24 105.671235 0.005448 42766436909184458752.000000
3X1 2000 24 112.390299 0.005122 42766878876176744448.000000
3X1 2000 24 114.462220 0.005030 42767318006049202176.000000
3X1 2000 96 96.361992 0.023898 42776715102657912832.000000
3X1 2000 96 104.124601 0.022116 42777877582558027776.000000
3X1 2000 96 104.782731 0.021977 42778461572845625344.000000
3X1 2000 96 100.811218 0.022843 42779012554814873600.000000
3X1 2000 96 100.276464 0.022965 42779557618768429056.000000
3X1 2000 192 63.920764 0.072053 42789101563481620480.000000
3X1 2000 192 64.872235 0.070996 42790544322961473536.000000
3X1 2000 192 47.913026 0.096126 42791433532645023744.000000
3X1 2000 192 63.947731 0.072023 42792452910578040832.000000
3X1 2000 192 49.960388 0.092187 42793313211059830784.000000
3X1 3000 24 95.807568 0.013523 42803596806200156160.000000
3X1 3000 24 132.810457 0.009755 42804802448398974976.000000
3X1 3000 24 128.810818 0.010058 42805427243522932736.000000
3X1 3000 24 134.212150 0.009653 42806024276606689280.000000
3X1 3000 24 134.334138 0.009644 42806613504295600128.000000
3X1 3000 96 105.096844 0.049309 42816460298152083456.000000
3X1 3000 96 138.187895 0.037502 42817884627079258112.000000
3X1 3000 96 120.931031 0.042853 42818683154194530304.000000
3X1 3000 96 127.290291 0.040712 42819491908637310976.000000
3X1 3000 96 113.657627 0.045595 42820277573090811904.000000
3X1 3000 192 73.003668 0.141973 42830431065747955712.000000
3X1 3000 192 66.032036 0.156962 42832442578555985920.000000
3X1 3000 192 66.675271 0.155448 42834000036123090944.000000
3X1 3000 192 65.046818 0.159340 42835519824130301952.000000
3X1 3000 192 91.720953 0.113001 42837062614920364032.000000
3X1 4000 24 114.140257 0.020181 42848095913267904512.000000
3X1 4000 24 140.343224 0.016413 42849599412475928576.000000
3X1 4000 24 140.012642 0.016452 42850505271745839104.000000
3X1 4000 24 142.056615 0.016215 42851385661014179840.000000
3X1 4000 24 137.044038 0.016808 42852261842525200384.000000
3X1 4000 96 59.457869 0.154962 42862859363736117248.000000
3X1 4000 96 122.795811 0.075033 42865211368879349760.000000
3X1 4000 96 122.071057 0.075478 42866502764859564032.000000
3X1 4000 96 121.797833 0.075647 42867760951273455616.000000
3X1 4000 96 124.006223 0.074300 42869012940074860544.000000
3X1 4000 192 118.286137 0.155787 42880040799510642688.000000
3X1 4000 192 94.172530 0.195677 42882399142202335232.000000
3X1 4000 192 93.235685 0.197643 42884457317197045760.000000
3X1 4000 192 119.155480 0.154650 42886489183834619904.000000
3X1 4000 192 121.037802 0.152245 42888251824488914944.000000
3X2 1000 24 25.039481 0.005745 42900489830865797120.000000
3X2 1000 24 84.338197 0.001706 42901441652226220032.000000
3X2 1000 24 105.967212 0.001358 42901820841852051456.000000
3X2 1000 24 118.895643 0.001210 42902158298884784128.000000
3X2 1000 24 83.243930 0.001728 42902490333908172800.000000
3X2 1000 96 64.817204 0.008878 42911592746073858048.000000
3X2 1000 96 120.183564 0.004788 42912569558415409152.000000
3X2 1000 96 110.925258 0.005187 42912965777032421376.000000
3X2 1000 96 127.959297 0.004497 42913319799574700032.000000
3X2 1000 96 113.759479 0.005058 42913669078136438784.000000
3X2 1000 192 64.818920 0.017755 42922826342676971520.000000
3X2 1000 192 85.666210 0.013434 42923860505722871808.000000
3X2 1000 192 83.626999 0.013762 42924315094135349248.000000
3X2 1000 192 113.728823 0.010119 42924727666485895168.000000
3X2 1000 192 108.970508 0.010561 42925116041660088320.000000
3X2 2000 24 71.735353 0.008025 42934475787067269120.000000
3X2 2000 24 157.222026 0.003662 42935535547731124224.000000
3X2 2000 24 156.170477 0.003686 42935997753922363392.000000
3X2 2000 24 143.914616 0.004000 42936430060339208192.000000
3X2 2000 24 148.065658 0.003888 42936862434282381312.000000
3X2 2000 96 136.879257 0.016824 42946240270235885568.000000
3X2 2000 96 178.375870 0.012910 42947336257157062656.000000
3X2 2000 96 162.363308 0.014183 42947864527857065984.000000
3X2 2000 96 151.451585 0.015205 42948361489809948672.000000
3X2 2000 96 181.653720 0.012677 42948863613688717312.000000
3X2 2000 192 62.423849 0.073781 42958362032132194304.000000
3X2 2000 192 127.261760 0.036191 42959822852967956480.000000
3X2 2000 192 102.543131 0.044915 42960491314086535168.000000
3X2 2000 192 73.200763 0.062919 42961184234205503488.000000
3X2 2000 192 75.319466 0.061149 42961986572872581120.000000
3X2 3000 24 117.428918 0.011033 42972080891407851520.000000
3X2 3000 24 199.154724 0.006505 42973268943764447232.000000
3X2 3000 24 195.762948 0.006618 42973880275497099264.000000
3X2 3000 24 175.114927 0.007398 42974464130175082496.000000
3X2 3000 24 186.565780 0.006944 42975042725653331968.000000
3X2 3000 96 170.326657 0.030425 42984916089031688192.000000
3X2 3000 96 182.533567 0.028391 42986233203231432704.000000
3X2 3000 96 203.663383 0.025445 42986980846042046464.000000
3X2 3000 96 202.475036 0.025595 42987670139249180672.000000
3X2 3000 96 201.631542 0.025702 42988364397966475264.000000
3X2 3000 192 110.039322 0.094189 42998387585202921472.000000
3X2 3000 192 136.512123 0.075924 43000108634377666560.000000
3X2 3000 192 164.656880 0.062946 43001157979445198848.000000
3X2 3000 192 129.689033 0.079918 43002087988448296960.000000
3X2 3000 192 140.013023 0.074026 43003130598789758976.000000
3X2 4000 24 149.832674 0.015373 43013928169533079552.000000
3X2 4000 24 196.132065 0.011744 43015383439060312064.000000
3X2 4000 24 204.429000 0.011268 43016266918753787904.000000
3X2 4000 24 202.848283 0.011355 43017108495326068736.000000
3X2 4000 24 203.738799 0.011306 43017952629267857408.000000
3X2 4000 96 188.792777 0.048803 43028506328112971776.000000
3X2 4000 96 182.141909 0.050585 43030175190749536256.000000
3X2 4000 96 195.705825 0.047079 43031378433671766016.000000
3X2 4000 96 194.081548 0.047473 43032447127615127552.000000
3X2 4000 96 196.123214 0.046979 43033521937935777792.000000
3X2 4000 192 175.765021 0.104841 43044400252636692480.000000
3X2 4000 192 183.999744 0.100149 43046445084547227648.000000
3X2 4000 192 185.304851 0.099444 43047889779054206976.000000
3X2 4000 192 184.769663 0.099732 43049302303143567360.000000
3X2 4000 192 185.311179 0.099440 43050709359636430848.000000
3X3 1000 24 22.733511 0.006328 43062607755054227456.000000
3X3 1000 24 86.485343 0.001663 43063570040260591616.000000
3X3 1000 24 104.436383 0.001377 43063945042449842176.000000
3X3 1000 24 113.640026 0.001266 43064281322996211712.000000
3X3 1000 24 91.364987 0.001575 43064610327382974464.000000
3X3 1000 96 65.709950 0.008757 43073697762378211328.000000
3X3 1000 96 141.764059 0.004059 43074681648626614272.000000
3X3 1000 96 117.646554 0.004891 43075063131993137152.000000
3X3 1000 96 146.544804 0.003927 43075417885914603520.000000
3X3 1000 96 138.065498 0.004168 43075767543567532032.000000
3X3 1000 192 66.266951 0.017367 43084901788749176832.000000
3X3 1000 192 112.730723 0.010209 43085933675590418432.000000
3X3 1000 192 113.382018 0.010150 43086364690864865280.000000
3X3 1000 192 118.996144 0.009671 43086751307991146496.000000
3X3 1000 192 113.830535 0.010110 43087140498013274112.000000
3X3 2000 24 66.897905 0.008606 43096496121628680192.000000
3X3 2000 24 155.845801 0.003694 43097564082880897024.000000
3X3 2000 24 157.362122 0.003659 43098024953904250880.000000
3X3 2000 24 154.845873 0.003718 43098461664704610304.000000
3X3 2000 24 163.685587 0.003517 43098893642673627136.000000
3X3 2000 96 133.448591 0.017256 43108267281456136192.000000
3X3 2000 96 185.319893 0.012426 43109367820031500288.000000
3X3 2000 96 189.569608 0.012148 43109891696197345280.000000
3X3 2000 96 186.978458 0.012316 43110370696116273152.000000
3X3 2000 96 179.814993 0.012807 43110857803182587904.000000
3X3 2000 192 120.483932 0.038227 43120329710241808384.000000
3X3 2000 192 152.594297 0.030183 43121574401878777856.000000
3X3 2000 192 149.604257 0.030786 43122209155818225664.000000
3X3 2000 192 147.662599 0.031191 43122811774584905728.000000
3X3 2000 192 134.804830 0.034166 43123417672551424000.000000
3X3 3000 24 114.184898 0.011346 43133301421874823168.000000
3X3 3000 24 193.572447 0.006693 43134477812516806656.000000
3X3 3000 24 184.857307 0.007008 43135102040050393088.000000
3X3 3000 24 192.519148 0.006730 43135686982683574272.000000
3X3 3000 24 194.351545 0.006666 43136266816824147968.000000
3X3 3000 96 174.830612 0.029642 43146136700298674176.000000
3X3 3000 96 204.716189 0.025314 43147442777052569600.000000
3X3 3000 96 211.383087 0.024516 43148165453771620352.000000
3X3 3000 96 209.855533 0.024694 43148858839202545664.000000
3X3 3000 96 210.497506 0.024619 43149541136403628032.000000
3X3 3000 192 135.121918 0.076705 43159579044970545152.000000
3X3 3000 192 141.483900 0.073256 43161175359476326400.000000
3X3 3000 192 118.394439 0.087542 43162202329722576896.000000
3X3 3000 192 181.563579 0.057085 43163290887613767680.000000
3X3 3000 192 185.757619 0.055796 43164183891447504896.000000
3X3 4000 24 144.055935 0.015990 43174873074106638336.000000
3X3 4000 24 208.779166 0.011033 43176345763236208640.000000
3X3 4000 24 208.151795 0.011066 43177220673477263360.000000
3X3 4000 24 207.035596 0.011126 43178071858599493632.000000
3X3 4000 24 209.237455 0.011009 43178911297405542400.000000
3X3 4000 96 191.876672 0.048019 43189474241773379584.000000
3X3 4000 96 202.936103 0.045402 43191147098758545408.000000
3X3 4000 96 210.580928 0.043754 43192246117730787328.000000
3X3 4000 96 197.822846 0.046575 43193299979086102528.000000
3X3 4000 96 206.477989 0.044623 43194381434756825088.000000
3X3 4000 192 191.859248 0.096046 43205229239027220480.000000
3X3 4000 192 203.676531 0.090474 43207194492202573824.000000
3X3 4000 192 202.504612 0.090997 43208584121944293376.000000
3X3 4000 192 203.469041 0.090566 43209935651771121664.000000
3X3 4000 192 202.337626 0.091072 43211293173495136256.000000
4X1 1000 24 24.679104 0.005829 43223104485128667136.000000
4X1 1000 24 75.353968 0.001909 43224051628639707136.000000
4X1 1000 24 95.998078 0.001499 43224432268428681216.000000
4X1 1000 24 83.932241 0.001714 43224770132520591360.000000
4X1 1000 24 90.172006 0.001595 43225102424561573888.000000
4X1 1000 96 52.401289 0.010981 43234168974073036800.000000
4X1 1000 96 83.613547 0.006882 43235153150401445888.000000
4X1 1000 96 85.632891 0.006720 43235565452492857344.000000
4X1 1000 96 90.190775 0.006380 43235932648884068352.000000
4X1 1000 96 88.341999 0.006514 43236299590645096448.000000
4X1 1000 192 41.303337 0.027863 43245444404562067456.000000
4X1 1000 192 72.324187 0.015912 43246528675733463040.000000
4X1 1000 192 70.848207 0.016244 43246996092042895360.000000
4X1 1000 192 48.538513 0.023710 43247422244610392064.000000
4X1 1000 192 66.525332 0.017299 43247899169501732864.000000
4X1 2000 24 61.219470 0.009404 43257318123776450560.000000
4X1 2000 24 133.567410 0.004310 43258368956523839488.000000
4X1 2000 24 136.232402 0.004226 43258837519239626752.000000
4X1 2000 24 117.748143 0.004889 43259267280414932992.000000
4X1 2000 24 127.827829 0.004504 43259701489730830336.000000
4X1 2000 96 97.430500 0.023636 43269074362215800832.000000
4X1 2000 96 111.724572 0.020612 43270224448507068416.000000
4X1 2000 96 140.043082 0.016444 43270797372452814848.000000
4X1 2000 96 116.893458 0.019700 43271310025776939008.000000
4X1 2000 96 151.963507 0.015154 43271834355920969728.000000
4X1 2000 192 54.126700 0.085091 43281332856406016000.000000
4X1 2000 192 51.781344 0.088945 43282872929058652160.000000
4X1 2000 192 80.856597 0.056961 43283874590531772416.000000
4X1 2000 192 58.238184 0.079084 43284640585552666624.000000
4X1 2000 192 64.334746 0.071590 43285542826857947136.000000
4X1 3000 24 103.322644 0.012539 43295702162785181696.000000
4X1 3000 24 158.085088 0.008195 43296897671192608768.000000
4X1 3000 24 155.299399 0.008342 43297520106758291456.000000
4X1 3000 24 153.801956 0.008424 43298098826281353216.000000
4X1 3000 24 146.750499 0.008828 43298679114117939200.000000
4X1 3000 96 116.282204 0.044566 43308539500844105728.000000
4X1 3000 96 57.658566 0.089879 43309952244171882496.000000
4X1 3000 96 150.860115 0.034352 43311099059237715968.000000
4X1 3000 96 152.256975 0.034036 43311848784422617088.000000
4X1 3000 96 140.353348 0.036923 43312589845665603584.000000
4X1 3000 192 91.267602 0.113562 43322707390497325056.000000
4X1 3000 192 115.104400 0.090045 43324552027441881088.000000
4X1 3000 192 84.611438 0.122496 43325695550962311168.000000
4X1 3000 192 85.639216 0.121026 43327005733770412032.000000
4X1 3000 192 86.327723 0.120060 43328307227042930688.000000
4X1 4000 24 127.429427 0.018076 43339393018821443584.000000
4X1 4000 24 166.807566 0.013809 43340867334901317632.000000
4X1 4000 24 167.611402 0.013743 43341758392405573632.000000
4X1 4000 24 163.393881 0.014097 43342611605975711744.000000
4X1 4000 24 169.620338 0.013580 43343457773178208256.000000
4X1 4000 96 70.384535 0.130905 43354017478583017472.000000
4X1 4000 96 144.685367 0.063681 43356194677238956032.000000
4X1 4000 96 165.140122 0.055793 43357417553024212992.000000
4X1 4000 96 144.190717 0.063899 43358543214606327808.000000
4X1 4000 96 147.435828 0.062493 43359727628089516032.000000
4X1 4000 192 139.657603 0.131947 43370683992117690368.000000
4X1 4000 192 145.484460 0.126662 43372885589332418560.000000
4X1 4000 192 116.358084 0.158368 43374502582557163520.000000
4X1 4000 192 146.263883 0.125987 43376286740720762880.000000
4X1 4000 192 146.433289 0.125842 43377860647893295104.000000
4X2 1000 24 24.723775 0.005819 43389939173759746048.000000
4X2 1000 24 111.862011 0.001286 43390896653398269952.000000
4X2 1000 24 112.265937 0.001281 43391271689616310272.000000
4X2 1000 24 120.830026 0.001191 43391604168594890752.000000
4X2 1000 24 118.244871 0.001217 43391934793224773632.000000
4X2 1000 96 62.436579 0.009216 43401048651898667008.000000
4X2 1000 96 121.687439 0.004729 43402027413052915712.000000
4X2 1000 96 152.943115 0.003762 43402424344860254208.000000
4X2 1000 96 133.015564 0.004326 43402771802641293312.000000
4X2 1000 96 154.045328 0.003735 43403124483980476416.000000
4X2 1000 192 53.471942 0.021522 43412264082051481600.000000
4X2 1000 192 92.688236 0.012416 43413319155675553792.000000
4X2 1000 192 113.825255 0.010111 43413764439467663360.000000
4X2 1000 192 83.160763 0.013839 43414154419646578688.000000
4X2 1000 192 96.925057 0.011874 43414565506384404480.000000
4X2 2000 24 72.061319 0.007989 43423931863932542976.000000
4X2 2000 24 178.096367 0.003233 43424969248283435008.000000
4X2 2000 24 156.608598 0.003676 43425433722500202496.000000
4X2 2000 24 154.273793 0.003732 43425866393480175616.000000
4X2 2000 24 161.077566 0.003574 43426298464543383552.000000
4X2 2000 96 130.309950 0.017672 43435689286339436544.000000
4X2 2000 96 194.731518 0.011826 43436796903397703680.000000
4X2 2000 96 189.700049 0.012139 43437312819365462016.000000
4X2 2000 96 179.589153 0.012823 43437800194541084672.000000
4X2 2000 96 193.514752 0.011900 43438281761563402240.000000
4X2 2000 192 76.793595 0.059975 43447754122619379712.000000
4X2 2000 192 81.162367 0.056747 43449121812509384704.000000
4X2 2000 192 148.066262 0.031106 43449925514965221376.000000
4X2 2000 192 150.325354 0.030638 43450526492995993600.000000
4X2 2000 192 153.177163 0.030068 43451118932646330368.000000
4X2 3000 24 116.835336 0.011089 43461016758724255744.000000
4X2 3000 24 189.701957 0.006829 43462206708335157248.000000
4X2 3000 24 194.051535 0.006676 43462813878352805888.000000
4X2 3000 24 198.940259 0.006512 43463387561696911360.000000
4X2 3000 24 189.175827 0.006848 43463963463408934912.000000
4X2 3000 96 172.694523 0.030008 43473816809156255744.000000
4X2 3000 96 195.609053 0.026493 43475108356803690496.000000
4X2 3000 96 200.781496 0.025811 43475838901995954176.000000
4X2 3000 96 196.756856 0.026338 43476531944770895872.000000
4X2 3000 96 198.735583 0.026076 43477226688019357696.000000
4X2 3000 192 122.420256 0.084664 43487261593616818176.000000
4X2 3000 192 165.757872 0.062528 43488921068356239360.000000
4X2 3000 192 167.948106 0.061713 43489876855572504576.000000
4X2 3000 192 174.698119 0.059328 43490796498502467584.000000
4X2 3000 192 171.242238 0.060526 43491700859884380160.000000
4X2 4000 24 150.535141 0.015302 43502406359681974272.000000
4X2 4000 24 205.605306 0.011203 43503864323391488000.000000
4X2 4000 24 209.396585 0.011000 43504740046195695616.000000
4X2 4000 24 209.209652 0.011010 43505586625071759360.000000
4X2 4000 24 201.524216 0.011430 43506423863148298240.000000
4X2 4000 96 185.695317 0.049617 43516998639265972224.000000
4X2 4000 96 205.553817 0.044824 43518696892397027328.000000
4X2 4000 96 214.180007 0.043018 43519785910902571008.000000
4X2 4000 96 207.519971 0.044399 43520835021890150400.000000
4X2 4000 96 208.835213 0.044119 43521896503161880576.000000
4X2 4000 192 194.421120 0.094781 43532760711687479296.000000
4X2 4000 192 205.072400 0.089858 43534743366897147904.000000
4X2 4000 192 203.636222 0.090492 43536120818962661376.000000
4X2 4000 192 203.755647 0.090439 43537469954754412544.000000
4X2 4000 192 192.072253 0.095940 43538818412152569856.000000
4X3 1000 24 23.079715 0.006233 43550725138514018304.000000
4X3 1000 24 119.144481 0.001207 43551690480366567424.000000
4X3 1000 24 90.986541 0.001581 43552066289877385216.000000
4X3 1000 24 127.587678 0.001128 43552400455339048960.000000
4X3 1000 24 116.004577 0.001240 43552732602816856064.000000
4X3 1000 96 63.922605 0.009002 43561909191650828288.000000
4X3 1000 96 127.271533 0.004521 43562879179000733696.000000
4X3 1000 96 147.528160 0.003900 43563275830155304960.000000
4X3 1000 96 146.135532 0.003938 43563624708070662144.000000
4X3 1000 96 141.949512 0.004054 43563972513000488960.000000
4X3 1000 192 70.755323 0.016265 43573117319736819712.000000
4X3 1000 192 112.405305 0.010238 43574145281151025152.000000
4X3 1000 192 130.635448 0.008810 43574577689359810560.000000
4X3 1000 192 137.921860 0.008344 43574962328105377792.000000
4X3 1000 192 132.455871 0.008689 43575338391324975104.000000
4X3 2000 24 69.292806 0.008308 43584708971010023424.000000
4X3 2000 24 152.179757 0.003783 43585760708186259456.000000
4X3 2000 24 158.499187 0.003632 43586221490620784640.000000
4X3 2000 24 162.210548 0.003549 43586645432154824704.000000
4X3 2000 24 150.392666 0.003828 43587068939276058624.000000
4X3 2000 96 140.024102 0.016446 43596463357225517056.000000
4X3 2000 96 182.538020 0.012616 43597571778194104320.000000
4X3 2000 96 188.104969 0.012242 43598087937784307712.000000
4X3 2000 96 191.482579 0.012026 43598570390534569984.000000
4X3 2000 96 191.239459 0.012042 43599052565140848640.000000
4X3 2000 192 127.570938 0.036103 43608549396429225984.000000
4X3 2000 192 115.029231 0.040039 43609775985679900672.000000
4X3 2000 192 150.126782 0.030679 43610473743149015040.000000
4X3 2000 192 130.048952 0.035415 43611080431617859584.000000
4X3 2000 192 165.072314 0.027901 43611713551247015936.000000
4X3 3000 24 113.664642 0.011398 43621585738126196736.000000
4X3 3000 24 189.768784 0.006827 43622772200114847744.000000
4X3 3000 24 202.718650 0.006391 43623383594068303872.000000
4X3 3000 24 199.507563 0.006494 43623964942263263232.000000
4X3 3000 24 194.341691 0.006666 43624543028589535232.000000
4X3 3000 96 178.570033 0.029021 43634401687367008256.000000
4X3 3000 96 209.074815 0.024787 43635711395839131648.000000
4X3 3000 96 209.613252 0.024723 43636440318861860864.000000
4X3 3000 96 201.609226 0.025705 43637133968395198464.000000
4X3 3000 96 201.778941 0.025683 43637831176289927168.000000
4X3 3000 192 137.694074 0.075272 43647848830131462144.000000
4X3 3000 192 195.462609 0.053026 43649447776285089792.000000
4X3 3000 192 186.099723 0.055693 43650352002870296576.000000
4X3 3000 192 187.263654 0.055347 43651234495050145792.000000
4X3 3000 192 182.809674 0.056696 43652120116119502848.000000
4X3 4000 24 148.058274 0.015558 43662823831142703104.000000
4X3 4000 24 212.013748 0.010865 43664275614423744512.000000
4X3 4000 24 202.384695 0.011381 43665155348491722752.000000
4X3 4000 24 208.827640 0.011030 43666001163662229504.000000
4X3 4000 24 211.802618 0.010875 43666850961040556032.000000
4X3 4000 96 121.799035 0.075647 43677428866713255936.000000
4X3 4000 96 204.437904 0.045068 43679286265321029632.000000
4X3 4000 96 217.996253 0.042265 43680372708025270272.000000
4X3 4000 96 212.945247 0.043268 43681415584523517952.000000
4X3 4000 96 210.442889 0.043782 43682461806839201792.000000
4X3 4000 192 198.635906 0.092770 43693319569144324096.000000
4X3 4000 192 197.418840 0.093342 43695274895139340288.000000
4X3 4000 192 189.351375 0.097319 43696667960503296000.000000
4X3 4000 192 199.783052 0.092237 43698064196395073536.000000
4X3 4000 192 206.802591 0.089106 43699422487271170048.000000
