4x3 1000 96 147.943722 0.003889 5416967661906008064.000000
4x3 1000 96 156.926357 0.003667 5417338323129071616.000000
4x3 1000 96 140.441310 0.004097 5417706362189069312.000000
4x3 1000 96 165.543526 0.003476 5418075464929013760.000000
4x3 1000 96 148.457821 0.003876 5418447676168002560.000000
4x3 1000 192 118.507705 0.009711 5418947536955808768.000000
4x3 1000 192 114.952398 0.010012 5419404909246541824.000000
4x3 1000 192 124.076393 0.009275 5419838846792845312.000000
4x3 1000 192 145.536418 0.007908 5420263665043602432.000000
4x3 1000 192 145.589553 0.007905 5420664059519583232.000000
4x3 1000 384 116.260408 0.019798 5421231974441586688.000000
4x3 1000 384 110.603718 0.020810 5421711728638397440.000000
4x3 1000 384 115.008676 0.020013 5422198060594883584.000000
4x3 1000 384 109.846673 0.020954 5422674655425454080.000000
4x3 1000 384 116.493904 0.019758 5423154580745458688.000000
4x3 2000 96 220.238616 0.010456 5423951093441632256.000000
4x3 2000 96 216.668465 0.010628 5424373877164493824.000000
4x3 2000 96 216.156082 0.010654 5424791444151614464.000000
4x3 2000 96 247.713154 0.009296 5425208294050770944.000000
4x3 2000 96 219.845880 0.010475 5425619039905434624.000000
4x3 2000 192 191.791355 0.024014 5426422324281270272.000000
4x3 2000 192 185.028109 0.024892 5426935349452417024.000000
4x3 2000 192 191.944668 0.023995 5427445657356509184.000000
4x3 2000 192 225.385869 0.020435 5427947553005006848.000000
4x3 2000 192 193.896456 0.023753 5428424821793945600.000000
4x3 2000 384 167.284263 0.055064 5429389009496134656.000000
4x3 2000 384 167.826823 0.054886 5430101782740498432.000000
4x3 2000 384 169.020002 0.054499 5430803498692612096.000000
4x3 2000 384 166.698997 0.055258 5431500936468938752.000000
4x3 2000 384 167.719859 0.054921 5432202042814684160.000000
4x3 3000 96 252.309875 0.020539 5433593740543507456.000000
4x3 3000 96 273.818719 0.018926 5434071435854014464.000000
4x3 3000 96 254.394443 0.020371 5434530521987860480.000000
4x3 3000 96 253.626865 0.020433 5434998641580454912.000000
4x3 3000 96 268.684184 0.019288 5435467409134616576.000000
4x3 3000 192 218.444328 0.047447 5436696909053941760.000000
4x3 3000 192 252.134069 0.041107 5437346841539845120.000000
4x3 3000 192 209.518010 0.049469 5437950176792877056.000000
4x3 3000 192 218.071626 0.047528 5438615874442790912.000000
4x3 3000 192 215.632790 0.048066 5439265270378322944.000000
4x3 3000 384 199.464323 0.103924 5440824883868341248.000000
4x3 3000 384 235.116240 0.088165 5441835341590621184.000000
4x3 3000 384 231.898320 0.089389 5442740122319781888.000000
4x3 3000 384 230.924100 0.089766 5443658042056279040.000000
4x3 3000 384 221.884860 0.093423 5444575069748032512.000000
4x3 4000 96 264.640428 0.034816 5446804556951760896.000000
4x3 4000 96 266.728100 0.034543 5447368390043566080.000000
4x3 4000 96 276.872415 0.033278 5447924838738944000.000000
4x3 4000 96 274.939186 0.033512 5448479035184834560.000000
4x3 4000 96 263.284174 0.034995 5449031068590833664.000000
4x3 4000 192 231.711301 0.079527 5451105017677536256.000000
4x3 4000 192 241.142194 0.076417 5451954633001453568.000000
4x3 4000 192 249.083953 0.073981 5452784200115181568.000000
4x3 4000 192 240.780471 0.076532 5453599243063228416.000000
4x3 4000 192 231.910220 0.079459 5454430364544867328.000000
4x3 4000 384 273.163838 0.134918 5456859951495389184.000000
4x3 4000 384 251.020330 0.146820 5458055127563630592.000000
4x3 4000 384 257.526840 0.143110 5459342182699277312.000000
4x3 4000 384 283.492597 0.130003 5460637495792911360.000000
4x3 4000 384 266.130717 0.138484 5461805760099298304.000000
4x3 5000 96 265.464604 0.054234 5465121333111118848.000000
4x3 5000 96 270.660561 0.053193 5465813751527698432.000000
4x3 5000 96 267.919441 0.053737 5466490460223462400.000000
4x3 5000 96 280.460581 0.051334 5467187186415825920.000000
4x3 5000 96 271.580285 0.053012 5467857846209495040.000000
4x3 5000 192 209.724238 0.137296 5470670604532855808.000000
4x3 5000 192 209.105201 0.137702 5471891742935798784.000000
4x3 5000 192 214.838128 0.134028 5473106989569436672.000000
4x3 5000 192 209.854287 0.137211 5474298340421869568.000000
4x3 5000 192 221.775023 0.129835 5475514291785071616.000000
4x3 5000 384 285.984161 0.201369 5479067071383431168.000000
4x3 5000 384 284.923015 0.202119 5480698643436254208.000000
4x3 5000 384 284.372659 0.202511 5482323192641426432.000000
4x3 5000 384 285.584118 0.201652 5483962397903470592.000000
4x3 5000 384 285.480745 0.201725 5485604702902951936.000000
3X3 1000 96 137.636976 0.004181 9519686370248458240.000000
3X3 1000 96 203.640677 0.002826 9520062351266459648.000000
3X3 1000 96 225.327757 0.002554 9520421792893288448.000000
3X3 1000 96 167.638838 0.003433 9520784401291165696.000000
3X3 1000 96 169.430221 0.003396 9521149351564111872.000000
3X3 1000 192 195.631986 0.005883 9521641384083507200.000000
3X3 1000 192 202.979591 0.005670 9522029289510510592.000000
3X3 1000 192 248.310896 0.004635 9522411443257804800.000000
3X3 1000 192 208.807241 0.005512 9522785174560724992.000000
3X3 1000 192 197.256758 0.005834 9523165911386476544.000000
3X3 1000 384 220.067385 0.010459 9523722272561866752.000000
3X3 1000 384 243.652630 0.009447 9524144767574341632.000000
3X3 1000 384 230.531535 0.009984 9524555143624220672.000000
3X3 1000 384 226.178099 0.010176 9524967266630815744.000000
3X3 1000 384 231.382088 0.009948 9525380449413353472.000000
3X3 2000 96 228.856666 0.010062 9526122150893070336.000000
3X3 2000 96 244.798928 0.009407 9526538603051450368.000000
3X3 2000 96 261.125615 0.008819 9526943392240801792.000000
3X3 2000 96 236.035498 0.009756 9527360919464732672.000000
3X3 2000 96 243.409308 0.009461 9527769026765924352.000000
3X3 2000 192 255.524728 0.018024 9528568140953167872.000000
3X3 2000 192 260.442226 0.017684 9529034689857841152.000000
3X3 2000 192 254.725255 0.018081 9529496468970754048.000000
3X3 2000 192 256.025416 0.017989 9529961886253092864.000000
3X3 2000 192 258.924577 0.017788 9530422567215648768.000000
3X3 2000 384 275.240391 0.033467 9531358752077639680.000000
3X3 2000 384 269.829295 0.034138 9531919391646408704.000000
3X3 2000 384 270.671156 0.034032 9532485591534901248.000000
3X3 2000 384 268.161187 0.034350 9533048725906741248.000000
3X3 2000 384 270.784684 0.034017 9533613929289678848.000000
3X3 3000 96 252.512629 0.020523 9534870990814027776.000000
3X3 3000 96 256.947035 0.020169 9535355670847393792.000000
3X3 3000 96 255.353331 0.020295 9535831282042810368.000000
3X3 3000 96 260.712694 0.019877 9536306073468674048.000000
3X3 3000 96 253.975660 0.020405 9536777011390726144.000000
3X3 3000 192 270.639755 0.038296 9538028054304176128.000000
3X3 3000 192 273.504569 0.037895 9538625866741483520.000000
3X3 3000 192 273.297616 0.037924 9539209466846701568.000000
3X3 3000 192 273.625463 0.037879 9539799913825177600.000000
3X3 3000 192 272.909266 0.037978 9540386188797466624.000000
3X3 3000 384 286.759761 0.072287 9541890039000674304.000000
3X3 3000 384 289.013394 0.071724 9542703966902390784.000000
3X3 3000 384 287.257041 0.072162 9543506924398231552.000000
3X3 3000 384 285.295625 0.072658 9544315119577022464.000000
3X3 3000 384 284.950539 0.072746 9545124265034164224.000000
3X3 4000 96 257.828165 0.035736 9547239007898025984.000000
3X3 4000 96 266.106871 0.034624 9547809555824699392.000000
3X3 4000 96 266.333381 0.034595 9548369703803088896.000000
3X3 4000 96 263.875062 0.034917 9548931010661416960.000000
3X3 4000 96 266.265673 0.034603 9549496966428329984.000000
3X3 4000 192 281.159597 0.065541 9551464839456333824.000000
3X3 4000 192 280.629844 0.065664 9552225171885516800.000000
3X3 4000 192 282.521964 0.065225 9552983165153218560.000000
3X3 4000 192 283.409021 0.065020 9553739541678596096.000000
3X3 4000 192 284.240105 0.064830 9554493232949714944.000000
3X3 4000 384 293.262110 0.125672 9556813001704128512.000000
3X3 4000 384 295.652323 0.124656 9557964212398565376.000000
3X3 4000 384 294.923288 0.124964 9559103752501587968.000000
3X3 4000 384 294.899618 0.124974 9560252751688941568.000000
3X3 4000 384 294.129636 0.125301 9561397612930899968.000000
3X3 5000 96 257.807632 0.055844 9564565873386893312.000000
3X3 5000 96 258.681716 0.055656 9565274913191432192.000000
3X3 5000 96 259.497260 0.055481 9565971932734181376.000000
3X3 5000 96 260.277212 0.055315 9566665477627504640.000000
3X3 5000 96 259.733620 0.055430 9567363151307819008.000000
3X3 5000 192 279.068518 0.103180 9570198887294031872.000000
3X3 5000 192 277.159021 0.103891 9571196099032969216.000000
3X3 5000 192 277.675073 0.103698 9572201573990699008.000000
3X3 5000 192 276.962746 0.103964 9573206709018841088.000000
3X3 5000 192 276.756806 0.104042 9574211938760587264.000000
3X3 5000 384 283.409834 0.203199 9577562568743458816.000000
3X3 5000 384 285.023159 0.202048 9579197722223292416.000000
3X3 5000 384 287.801412 0.200098 9580819458519797760.000000
3X3 5000 384 285.172046 0.201943 9582430986944827392.000000
3X3 5000 384 284.911883 0.202127 9584057985340276736.000000
6X3 1000 96 148.197291 0.003883 9659584080885573632.000000
6X3 1000 96 182.143525 0.003159 9659956166153367552.000000
6X3 1000 96 176.241418 0.003265 9660317668861693952.000000
6X3 1000 96 160.304393 0.003590 9660679271224408064.000000
6X3 1000 96 166.362568 0.003459 9661044449926152192.000000
6X3 1000 192 190.602503 0.006038 9661534369805658112.000000
6X3 1000 192 218.666309 0.005263 9661920465312751616.000000
6X3 1000 192 197.586042 0.005825 9662297669197893632.000000
6X3 1000 192 198.717164 0.005791 9662679203726018560.000000
6X3 1000 192 199.429325 0.005771 9663063437230004224.000000
6X3 1000 384 246.703231 0.009330 9663619861317384192.000000
6X3 1000 384 253.841766 0.009067 9664037671395702784.000000
6X3 1000 384 258.502393 0.008904 9664450019599077376.000000
6X3 1000 384 226.861886 0.010146 9664853152590102528.000000
6X3 1000 384 228.105361 0.010090 9665258775571441664.000000
6X3 2000 96 228.060571 0.010098 9665992120033972224.000000
6X3 2000 96 238.065544 0.009673 9666408006566774784.000000
6X3 2000 96 229.847056 0.010019 9666814658079244288.000000
6X3 2000 96 266.126659 0.008653 9667221364158107648.000000
6X3 2000 96 240.626292 0.009570 9667618931536627712.000000
6X3 2000 192 253.158994 0.018193 9668410926012231680.000000
6X3 2000 192 259.527210 0.017746 9668874442904254464.000000
6X3 2000 192 263.150464 0.017502 9669332863111723008.000000
6X3 2000 192 264.106322 0.017439 9669786791530635264.000000
6X3 2000 192 257.385498 0.017894 9670249627283496960.000000
6X3 2000 384 278.352203 0.033093 9671178607857846272.000000
6X3 2000 384 270.080666 0.034106 9671744854677532672.000000
6X3 2000 384 268.535766 0.034302 9672311932281182208.000000
6X3 2000 384 269.490453 0.034181 9672877986921678848.000000
6X3 2000 384 266.962776 0.034504 9673441464103102464.000000
6X3 3000 96 255.958363 0.020247 9674707378209406976.000000
6X3 3000 96 274.074708 0.018908 9675182122070472704.000000
6X3 3000 96 256.097008 0.020236 9675645147781718016.000000
6X3 3000 96 259.358110 0.019981 9676117435892506624.000000
6X3 3000 96 253.220129 0.020465 9676585432669116416.000000
6X3 3000 192 270.975640 0.038249 9677840366519957504.000000
6X3 3000 192 272.179988 0.038080 9678435509914198016.000000
6X3 3000 192 271.994048 0.038106 9679017694403495936.000000
6X3 3000 192 280.587661 0.036939 9679608377305153536.000000
6X3 3000 192 272.000415 0.038105 9680186652585043968.000000
6X3 3000 384 284.308075 0.072911 9681680856228734976.000000
6X3 3000 384 285.456484 0.072617 9682495757083983872.000000
6X3 3000 384 286.980695 0.072232 9683303345216411648.000000
6X3 3000 384 285.275193 0.072663 9684109142833721344.000000
6X3 3000 384 285.664001 0.072565 9684921131049119744.000000
6X3 4000 96 258.361425 0.035662 9687006931732031488.000000
6X3 4000 96 261.579327 0.035223 9687578001252274176.000000
6X3 4000 96 259.117612 0.035558 9688144120667174912.000000
6X3 4000 96 261.832862 0.035189 9688714935281827840.000000
6X3 4000 96 261.698209 0.035207 9689281831707887616.000000
6X3 4000 192 279.260238 0.065986 9691240522355480576.000000
6X3 4000 192 281.703618 0.065414 9692011877427382272.000000
6X3 4000 192 280.818963 0.065620 9692771841459783680.000000
6X3 4000 192 282.425625 0.065247 9693538710893441024.000000
6X3 4000 192 283.230046 0.065062 9694300835693733888.000000
6X3 4000 384 295.522705 0.124710 9696671341623209984.000000
6X3 4000 384 295.417612 0.124755 9697811077611022336.000000
6X3 4000 384 295.390683 0.124766 9698947163032614912.000000
6X3 4000 384 295.059848 0.124906 9700084293375764480.000000
6X3 4000 384 294.249836 0.125250 9701220715008540672.000000
6X3 5000 96 262.529320 0.054840 9704359616336394240.000000
6X3 5000 96 257.811473 0.055844 9705048788564336640.000000
6X3 5000 96 259.540663 0.055472 9705742846827233280.000000
6X3 5000 96 258.704125 0.055651 9706432571304747008.000000
6X3 5000 96 256.114257 0.056214 9707123876921380864.000000
6X3 5000 192 279.378475 0.103065 9709949435448901632.000000
6X3 5000 192 277.023222 0.103942 9710948532570148864.000000
6X3 5000 192 276.586128 0.104106 9711953215732715520.000000
6X3 5000 192 276.042320 0.104311 9712958393103259648.000000
6X3 5000 192 277.114953 0.103907 9713964559222548480.000000
6X3 5000 384 288.278368 0.199767 9717327510759999488.000000
6X3 5000 384 284.852023 0.202170 9718944807095138304.000000
6X3 5000 384 285.357061 0.201812 9720579012517427200.000000
6X3 5000 384 285.201218 0.201922 9722206860685633536.000000
6X3 5000 384 284.203501 0.202631 9723836093512970240.000000
3X6 1000 96 150.603488 0.003821 24355668086164541440.000000
3X6 1000 96 144.619919 0.003979 24356041191400275968.000000
3X6 1000 96 161.982944 0.003552 24356417031227883520.000000
3X6 1000 96 154.874717 0.003715 24356788027906936832.000000
3X6 1000 96 154.887640 0.003715 24357161252022681600.000000
3X6 1000 192 197.478022 0.005828 24357669429706084352.000000
3X6 1000 192 249.294205 0.004616 24358063266223972352.000000
3X6 1000 192 194.268672 0.005924 24358440637110722560.000000
3X6 1000 192 196.229743 0.005865 24358826665565007872.000000
3X6 1000 192 194.760142 0.005909 24359210997968183296.000000
3X6 1000 384 223.915506 0.010279 24359774901024800768.000000
3X6 1000 384 222.774231 0.010332 24360192679205507072.000000
3X6 1000 384 234.756148 0.009805 24360606531844009984.000000
3X6 1000 384 225.870494 0.010190 24361016536911511552.000000
3X6 1000 384 256.628999 0.008969 24361430812890800128.000000
3X6 2000 96 213.470933 0.010788 24362167310274732032.000000
3X6 2000 96 203.523280 0.011315 24362588297434521600.000000
3X6 2000 96 210.838742 0.010922 24363009249509498880.000000
3X6 2000 96 219.606793 0.010486 24363429436605247488.000000
3X6 2000 96 208.042912 0.011069 24363847318798774272.000000
3X6 2000 192 232.452266 0.019814 24364655781535956992.000000
3X6 2000 192 237.490781 0.019393 24365135418267168768.000000
3X6 2000 192 232.294625 0.019827 24365604613149315072.000000
3X6 2000 192 236.705666 0.019457 24366082300863029248.000000
3X6 2000 192 233.925452 0.019689 24366553568583462912.000000
3X6 2000 384 245.360236 0.037542 24367515406973771776.000000
3X6 2000 384 248.935731 0.037003 24368110199744020480.000000
3X6 2000 384 245.231834 0.037562 24368694499618807808.000000
3X6 2000 384 247.009862 0.037292 24369282658546216960.000000
3X6 2000 384 248.046959 0.037136 24369868325844922368.000000
3X6 3000 96 258.842062 0.020021 24371165994209042432.000000
3X6 3000 96 251.373410 0.020616 24371645397474496512.000000
3X6 3000 96 247.192011 0.020965 24372122176631431168.000000
3X6 3000 96 256.291903 0.020220 24372604363410526208.000000
3X6 3000 96 248.296537 0.020871 24373080433946722304.000000
3X6 3000 192 266.294135 0.038921 24374360905300295680.000000
3X6 3000 192 269.027157 0.038526 24374963865225355264.000000
3X6 3000 192 266.410038 0.038904 24375551834162356224.000000
3X6 3000 192 266.437418 0.038900 24376142123963228160.000000
3X6 3000 192 267.437015 0.038755 24376733607799234560.000000
3X6 3000 384 281.656346 0.073597 24378244735691722752.000000
3X6 3000 384 281.845312 0.073548 24379067866447347712.000000
3X6 3000 384 283.072940 0.073229 24379881730349056000.000000
3X6 3000 384 282.671183 0.073333 24380697134545084416.000000
3X6 3000 384 283.155773 0.073207 24381510910401998848.000000
3X6 4000 96 243.452307 0.037846 24383625463710666752.000000
3X6 4000 96 245.381266 0.037548 24384204292424118272.000000
3X6 4000 96 244.789744 0.037639 24384779825867337728.000000
3X6 4000 96 243.154644 0.037892 24385356570523316224.000000
3X6 4000 96 244.038280 0.037755 24385938461054218240.000000
3X6 4000 192 261.722440 0.070408 24387920790203097088.000000
3X6 4000 192 263.178264 0.070019 24388710644090007552.000000
3X6 4000 192 264.848741 0.069577 24389495318565986304.000000
3X6 4000 192 261.868853 0.070369 24390277380293271552.000000
3X6 4000 192 263.692036 0.069882 24391067277136977920.000000
3X6 4000 384 277.236546 0.132936 24393425448443072512.000000
3X6 4000 384 277.724906 0.132702 24394614427289219072.000000
3X6 4000 384 274.430609 0.134295 24395802446269820928.000000
3X6 4000 384 277.679055 0.132724 24397001320373075968.000000
3X6 4000 384 278.590112 0.132290 24398189044838494208.000000
3X6 5000 96 232.828289 0.061836 24401371444858568704.000000
3X6 5000 96 231.016197 0.062321 24402103137788379136.000000
3X6 5000 96 233.233023 0.061728 24402843309706579968.000000
3X6 5000 96 230.973791 0.062332 24403582973835997184.000000
3X6 5000 96 231.587373 0.062167 24404321284320669696.000000
3X6 5000 192 258.356703 0.111451 24407200267907919872.000000
3X6 5000 192 259.405682 0.111001 24408256137819934720.000000
3X6 5000 192 257.701039 0.111735 24409306778957803520.000000
3X6 5000 192 257.412560 0.111860 24410364431045713920.000000
3X6 5000 192 258.450915 0.111411 24411419469610614784.000000
3X6 5000 384 272.194492 0.211571 24414799594830364672.000000
3X6 5000 384 272.102268 0.211643 24416483436838965248.000000
3X6 5000 384 272.550271 0.211295 24418169963743444992.000000
3X6 5000 384 273.607038 0.210479 24419857865387048960.000000
3X6 5000 384 272.625548 0.211237 24421540663158882304.000000