3X6 1152 96 242.003522 0.003156 3944336494503190855680.000000
3X6 1152 96 234.759316 0.003253 3944336895827068321792.000000
3X6 1152 96 213.728568 0.003573 3944337262442844782592.000000
3X6 1152 96 209.552760 0.003645 3944337631100963651584.000000
3X6 1152 96 253.511108 0.003013 3944337999396970954752.000000
3X6 1152 192 309.238091 0.004940 3944338540767791808512.000000
3X6 1152 192 295.521929 0.005169 3944338921907696959488.000000
3X6 1152 192 291.777233 0.005235 3944339303534685585408.000000
3X6 1152 192 288.265666 0.005299 3944339687331281240064.000000
3X6 1152 192 300.927648 0.005076 3944340063993711820800.000000
3X6 1152 384 300.665275 0.010161 3944340673933106216960.000000
3X6 1152 384 329.057523 0.009284 3944341102752522305536.000000
3X6 1152 384 326.158480 0.009367 3944341510064852434944.000000
3X6 1152 384 316.130722 0.009664 3944341919577582600192.000000
3X6 1152 384 339.773746 0.008991 3944342327038104305664.000000
3X6 1152 768 340.835856 0.017926 3944343074061811712000.000000
3X6 1152 768 337.483085 0.018105 3944343550569332867072.000000
3X6 1152 768 332.870155 0.018355 3944344019741155262464.000000
3X6 1152 768 348.833715 0.017515 3944344479749191499776.000000
3X6 1152 768 352.624482 0.017327 3944344934823377764352.000000
3X6 1536 96 259.303666 0.005237 3944345607285922856960.000000
3X6 1536 96 257.281811 0.005279 3944345987265704493056.000000
3X6 1536 96 227.197975 0.005977 3944346382217306963968.000000
3X6 1536 96 281.621426 0.004822 3944346759445230911488.000000
3X6 1536 96 202.167210 0.006718 3944347130165089796096.000000
3X6 1536 192 264.290412 0.010277 3944347772678395396096.000000
3X6 1536 192 312.495810 0.008692 3944348189704757182464.000000
3X6 1536 192 297.326934 0.009135 3944348588985510526976.000000
3X6 1536 192 313.608226 0.008661 3944348986609321377792.000000
3X6 1536 192 298.250331 0.009107 3944349380938853515264.000000
3X6 1536 384 336.475408 0.016145 3944350099884948324352.000000
3X6 1536 384 351.279712 0.015464 3944350547584370081792.000000
3X6 1536 384 337.808740 0.016081 3944350986924162285568.000000
3X6 1536 384 332.451007 0.016340 3944351429787980398592.000000
3X6 1536 384 330.651234 0.016429 3944351883213871775744.000000
3X6 1536 768 354.835894 0.030619 3944352771585628700672.000000
3X6 1536 768 354.345527 0.030661 3944353327845913657344.000000
3X6 1536 768 359.539486 0.030218 3944353862663109869568.000000
3X6 1536 768 352.521049 0.030820 3944354394254897840128.000000
3X6 1536 768 344.484661 0.031539 3944354930306401697792.000000
3X6 2304 96 273.994508 0.011155 3944356028603180253184.000000
3X6 2304 96 266.553543 0.011466 3944356443335588577280.000000
3X6 2304 96 294.332990 0.010384 3944356858377781903360.000000
3X6 2304 96 270.000444 0.011320 3944357269209697222656.000000
3X6 2304 96 264.460085 0.011557 3944357680517727911936.000000
3X6 2304 192 321.334613 0.019023 3944358712368998383616.000000
3X6 2304 192 317.061812 0.019279 3944359192325058461696.000000
3X6 2304 192 316.413919 0.019318 3944359652462786248704.000000
3X6 2304 192 314.362075 0.019445 3944360113501305307136.000000
3X6 2304 192 326.176907 0.018740 3944360574237872226304.000000
3X6 2304 384 346.784795 0.035253 3944361760877805830144.000000
3X6 2304 384 344.411086 0.035496 3944362334065719246848.000000
3X6 2304 384 347.983555 0.035132 3944362898073280577536.000000
3X6 2304 384 336.152718 0.036368 3944363459355059159040.000000
3X6 2304 384 342.231704 0.035722 3944364029101795180544.000000
3X6 2304 768 359.154888 0.068078 3944365504605945593856.000000
3X6 2304 768 362.462211 0.067457 3944366284036869455872.000000
3X6 2304 768 361.871731 0.067567 3944367052417809776640.000000
3X6 2304 768 363.090269 0.067340 3944367820962570174464.000000
3X6 2304 768 352.849661 0.069295 3944368587554270216192.000000
3X6 2688 96 281.826676 0.014762 3944370052144539631616.000000
3X6 2688 96 289.084911 0.014391 3944370489028702633984.000000
3X6 2688 96 282.451018 0.014729 3944370916114192924672.000000
3X6 2688 96 266.046763 0.015637 3944371346142875615232.000000
3X6 2688 96 280.990712 0.014806 3944371792747045060608.000000
3X6 2688 192 322.216364 0.025823 3944372973343069437952.000000
3X6 2688 192 323.728173 0.025702 3944373484416458031104.000000
3X6 2688 192 323.430730 0.025726 3944373983300009590784.000000
3X6 2688 192 322.672944 0.025786 3944374482629738627072.000000
3X6 2688 192 320.334984 0.025974 3944374981243524612096.000000
3X6 2688 384 333.901522 0.049838 3944376334510281195520.000000
3X6 2688 384 340.398289 0.048887 3944377002153003188224.000000
3X6 2688 384 334.157400 0.049800 3944377655508216578048.000000
3X6 2688 384 340.733141 0.048839 3944378311618604826624.000000
3X6 2688 384 347.825326 0.047843 3944378961399594876928.000000
3X6 2688 768 359.801558 0.092501 3944380684111171289088.000000
3X6 2688 768 358.055134 0.092952 3944381625388396183552.000000
3X6 2688 768 354.808061 0.093803 3944382557661117808640.000000
3X6 2688 768 363.463518 0.091569 3944383496665679003648.000000
3X6 2688 768 361.996926 0.091940 3944384428227461906432.000000
3X6 3072 96 290.352446 0.018715 3944386117317893816320.000000
3X6 3072 96 281.988945 0.019270 3944386578859412160512.000000
3X6 3072 96 288.594849 0.018829 3944387041794218524672.000000
3X6 3072 96 288.425265 0.018840 3944387495809415905280.000000
3X6 3072 96 267.412974 0.020321 3944387948707632906240.000000
3X6 3072 192 325.431695 0.033396 3944389235350108635136.000000
3X6 3072 192 322.416129 0.033708 3944389788964020027392.000000
3X6 3072 192 310.287596 0.035026 3944390339035320549376.000000
3X6 3072 192 326.089587 0.033329 3944390895725474480128.000000
3X6 3072 192 318.454882 0.034128 3944391445362985926656.000000
3X6 3072 384 353.181883 0.061544 3944392954377093513216.000000
3X6 3072 384 350.482016 0.062018 3944393690047396708352.000000
3X6 3072 384 349.645282 0.062166 3944394419890554404864.000000
3X6 3072 384 350.281245 0.062054 3944395150999828299776.000000
3X6 3072 384 348.195469 0.062425 3944395879956482097152.000000
3X6 3072 768 361.756273 0.120170 3944397814993142677504.000000
3X6 3072 768 362.455502 0.119939 3944398924906865623040.000000
3X6 3072 768 360.871664 0.120465 3944400027137261699072.000000
3X6 3072 768 362.271416 0.119999 3944401130378748231680.000000
3X6 3072 768 363.658135 0.119542 3944402231203052650496.000000
3X6 3840 96 263.233800 0.032257 3944404925575608664064.000000
3X6 3840 96 265.040713 0.032038 3944405463088196747264.000000
3X6 3840 96 277.566361 0.030592 3944405993339389739008.000000
3X6 3840 96 266.988419 0.031804 3944406514158953037824.000000
3X6 3840 96 272.498358 0.031161 3944407041355259314176.000000
3X6 3840 192 315.929647 0.053754 3944409263015156776960.000000
3X6 3840 192 319.647577 0.053129 3944409958764125356032.000000
3X6 3840 192 314.946438 0.053922 3944410650021266456576.000000
3X6 3840 192 317.453651 0.053496 3944411322413958561792.000000
3X6 3840 192 319.877414 0.053091 3944411992153488097280.000000
3X6 3840 384 351.052994 0.096752 3944414471653057101824.000000
3X6 3840 384 345.337524 0.098353 3944415426905783664640.000000
3X6 3840 384 345.080594 0.098426 3944416394319956541440.000000
3X6 3840 384 342.945434 0.099039 3944417371820323766272.000000
3X6 3840 384 342.276072 0.099233 3944418344295527350272.000000
3X6 3840 768 360.340942 0.188516 3944421425097381773312.000000
3X6 3840 768 361.757901 0.187778 3944422966760383709184.000000
3X6 3840 768 356.110423 0.190756 3944424497253721833472.000000
3X6 3840 768 356.050745 0.190787 3944426047212896124928.000000
3X6 3840 768 361.689391 0.187813 3944427600020561199104.000000
3X6 4608 96 261.213661 0.046812 3944430852636035514368.000000
3X6 4608 96 268.645662 0.045517 3944431484864304775168.000000
3X6 4608 96 266.891198 0.045816 3944432101860727324672.000000
3X6 4608 96 261.548312 0.046752 3944432713256810840064.000000
3X6 4608 96 257.653218 0.047459 3944433326679456743424.000000
3X6 4608 192 309.430412 0.079035 3944435848246484533248.000000
3X6 4608 192 316.860593 0.077182 3944436692577176518656.000000
3X6 4608 192 314.020229 0.077880 3944437515808340443136.000000
3X6 4608 192 314.818429 0.077682 3944438342593157267456.000000
3X6 4608 192 317.487746 0.077029 3944439172768744865792.000000
3X6 4608 384 346.708373 0.141075 3944442007507912097792.000000
3X6 4608 384 337.647038 0.144861 3944443267707520942080.000000
3X6 4608 384 344.743213 0.141879 3944444519733769797632.000000
3X6 4608 384 338.854223 0.144345 3944445761099199938560.000000
3X6 4608 384 337.516146 0.144917 3944447016967968129024.000000
3X6 4608 768 361.150798 0.270866 3944450680644149182464.000000
3X6 4608 768 362.336470 0.269980 3944452758226676482048.000000
3X6 4608 768 360.477185 0.271372 3944454812801388511232.000000
3X6 4608 768 361.932827 0.270281 3944456899133189914624.000000
3X6 4608 768 362.560423 0.269813 3944458953401092800512.000000
