3X3 960 96 214.783149 0.002469 3944236902840873779200.000000
3X3 960 96 210.023205 0.002525 3944237272858461995008.000000
3X3 960 96 205.550900 0.002580 3944237632533668298752.000000
3X3 960 96 205.232849 0.002584 3944238000708231626752.000000
3X3 960 96 176.612524 0.003003 3944238361773876445184.000000
3X3 960 192 217.981468 0.004865 3944238838938197819392.000000
3X3 960 192 300.100303 0.003534 3944239215092446003200.000000
3X3 960 192 274.240323 0.003867 3944239578512887906304.000000
3X3 960 192 310.986990 0.003410 3944239954570309533696.000000
3X3 960 192 254.702902 0.004164 3944240316063525371904.000000
3X3 960 384 314.855380 0.006737 3944240864322142076928.000000
3X3 960 384 328.151398 0.006464 3944241263177712009216.000000
3X3 960 384 323.579699 0.006555 3944241645973916876800.000000
3X3 960 384 311.117719 0.006818 3944242029106000035840.000000
3X3 960 384 305.396010 0.006946 3944242420557698564096.000000
3X3 960 768 351.036850 0.012085 3944243046705301291008.000000
3X3 960 768 342.429448 0.012389 3944243472281058148352.000000
3X3 960 768 306.760039 0.013829 3944243907171042459648.000000
3X3 960 768 345.036791 0.012295 3944244338747203649536.000000
3X3 960 768 333.761148 0.012711 3944244759790267400192.000000
3X3 1920 96 286.507153 0.007407 3944245526803886112768.000000
3X3 1920 96 309.090542 0.006866 3944245920722606096384.000000
3X3 1920 96 277.757191 0.007641 3944246304851599818752.000000
3X3 1920 96 303.135291 0.007001 3944246703418672939008.000000
3X3 1920 96 289.849002 0.007322 3944247087478290776064.000000
3X3 1920 192 316.771891 0.013399 3944247874595794190336.000000
3X3 1920 192 325.537396 0.013039 3944248313371706785792.000000
3X3 1920 192 332.181039 0.012778 3944248735849600516096.000000
3X3 1920 192 328.508064 0.012921 3944249166659154608128.000000
3X3 1920 192 319.890268 0.013269 3944249593864470921216.000000
3X3 1920 384 347.280315 0.024444 3944250502685659234304.000000
3X3 1920 384 337.785721 0.025131 3944251012916238090240.000000
3X3 1920 384 346.617407 0.024491 3944251514078869585920.000000
3X3 1920 384 349.008700 0.024323 3944252008883689619456.000000
3X3 1920 384 351.748306 0.024134 3944252501336318279680.000000
3X3 1920 768 356.078163 0.047681 3944253620572576022528.000000
3X3 1920 768 368.352938 0.046092 3944254273090730590208.000000
3X3 1920 768 362.984229 0.046774 3944254906059936759808.000000
3X3 1920 768 366.761946 0.046292 3944255543197855907840.000000
3X3 1920 768 366.085754 0.046377 3944256177005919731712.000000
3X3 2880 96 302.424136 0.015792 3944257523676662988800.000000
3X3 2880 96 308.995827 0.015456 3944257973460485013504.000000
3X3 2880 96 323.036532 0.014784 3944258412056330371072.000000
3X3 2880 96 309.391368 0.015436 3944258844332880560128.000000
3X3 2880 96 318.058138 0.015016 3944259279368256225280.000000
3X3 2880 192 338.197225 0.028243 3944260516086417981440.000000
3X3 2880 192 339.229384 0.028157 3944261041647456878592.000000
3X3 2880 192 340.370527 0.028063 3944261565284274405376.000000
3X3 2880 192 346.626457 0.027557 3944262087382718742528.000000
3X3 2880 192 346.732239 0.027548 3944262603510116777984.000000
3X3 2880 384 359.597221 0.053125 3944264036002516959232.000000
3X3 2880 384 359.875427 0.053084 3944264721772301516800.000000
3X3 2880 384 358.244185 0.053326 3944265402270003232768.000000
3X3 2880 384 351.917346 0.054285 3944266084548075323392.000000
3X3 2880 384 355.306576 0.053767 3944266774917230886912.000000
3X3 2880 768 358.657545 0.106529 3944268584614797770752.000000
3X3 2880 768 361.040393 0.105826 3944269618074214203392.000000
3X3 2880 768 362.747871 0.105327 3944270644180133871616.000000
3X3 2880 768 364.981825 0.104683 3944271660198554238976.000000
3X3 2880 768 365.585441 0.104510 3944272673866982621184.000000
3X3 3840 96 275.187937 0.030856 3944275248927097225216.000000
3X3 3840 96 300.326238 0.028273 3944275780964555685888.000000
3X3 3840 96 295.932215 0.028693 3944276291482758414336.000000
3X3 3840 96 309.848297 0.027405 3944276805727852429312.000000
3X3 3840 96 308.554284 0.027519 3944277311109183045632.000000
3X3 3840 192 330.946825 0.051315 3944279457930298261504.000000
3X3 3840 192 339.079717 0.050084 3944280142913131249664.000000
3X3 3840 192 336.715860 0.050436 3944280812440194646016.000000
3X3 3840 192 320.025255 0.053066 3944281465190293700608.000000
3X3 3840 192 328.043733 0.051769 3944282134677601386496.000000
3X3 3840 384 352.643739 0.096315 3944284606583794565120.000000
3X3 3840 384 334.972662 0.101396 3944285562108809052160.000000
3X3 3840 384 348.670858 0.097413 3944286560672631750656.000000
3X3 3840 384 352.479469 0.096360 3944287529647782494208.000000
3X3 3840 384 353.360973 0.096120 3944288480771888381952.000000
3X3 3840 768 354.437405 0.191656 3944291529802731487232.000000
3X3 3840 768 359.260201 0.189083 3944293094811951955968.000000
3X3 3840 768 356.007725 0.190811 3944294634973136683008.000000
3X3 3840 768 356.979581 0.190291 3944296200225487847424.000000
3X3 3840 768 353.994343 0.191896 3944297746953057337344.000000
3X3 4800 96 324.245512 0.040920 3944301241013099298816.000000
3X3 4800 96 317.264295 0.041821 3944301846368660488192.000000
3X3 4800 96 319.906289 0.041476 3944302438690050801664.000000
3X3 4800 96 315.334223 0.042077 3944303028960145440768.000000
3X3 4800 96 314.383798 0.042204 3944303622771188957184.000000
3X3 4800 192 340.027680 0.078042 3944306287880080195584.000000
3X3 4800 192 338.294083 0.078442 3944307121626739638272.000000
3X3 4800 192 339.559447 0.078150 3944307960938479222784.000000
3X3 4800 192 343.296643 0.077299 3944308786323898499072.000000
3X3 4800 192 336.236047 0.078922 3944309605729558331392.000000
3X3 4800 384 353.572518 0.150105 3944312690600233140224.000000
3X3 4800 384 346.687401 0.153086 3944313993835790204928.000000
3X3 4800 384 350.452374 0.151442 3944315318499333373952.000000
3X3 4800 384 351.706764 0.150902 3944316628610851536896.000000
3X3 4800 384 348.104248 0.152463 3944317921822358634496.000000
3X3 4800 768 358.450631 0.296125 3944321862204125609984.000000
3X3 4800 768 355.622096 0.298480 3944324110350119600128.000000
3X3 4800 768 357.920044 0.296564 3944326357740862046208.000000
3X3 4800 768 358.209853 0.296324 3944328583315240517632.000000
3X3 4800 768 360.749592 0.294238 3944330818215725760512.000000
