2X1 1008 24 91.585090 0.001596 19432966772915844415488.000000
2X1 1008 24 105.524927 0.001385 19432967213170552733696.000000
2X1 1008 24 91.871703 0.001591 19432967654184488796160.000000
2X1 1008 24 88.484118 0.001652 19432968079843715448832.000000
2X1 1008 24 92.167496 0.001586 19432968506586767032320.000000
2X1 1008 96 90.599862 0.006453 19432969119941064130560.000000
2X1 1008 96 89.645225 0.006522 19432969595093535162368.000000
2X1 1008 96 88.646515 0.006596 19432970051757715488768.000000
2X1 1008 96 106.304916 0.005500 19432970521987248029696.000000
2X1 1008 96 105.836384 0.005524 19432970976093045522432.000000
2X1 1008 192 88.911069 0.013152 19432971602533688541184.000000
2X1 1008 192 88.974127 0.013143 19432972221209689194496.000000
2X1 1008 192 88.723434 0.013180 19432972726677473853440.000000
2X1 1008 192 92.473141 0.012645 19432973230360422776832.000000
2X1 1008 192 92.035832 0.012705 19432973731344353853440.000000
2X1 2016 24 102.124457 0.005728 19432974744187706540032.000000
2X1 2016 24 95.229705 0.006143 19432975172914957516800.000000
2X1 2016 24 87.697457 0.006670 19432975602025895034880.000000
2X1 2016 24 107.004302 0.005467 19432976029717064843264.000000
2X1 2016 24 95.655016 0.006115 19432976449847850696704.000000
2X1 2016 96 83.737602 0.027943 19432977457489876353024.000000
2X1 2016 96 83.612643 0.027984 19432978030696991817728.000000
2X1 2016 96 83.664290 0.027967 19432978596694190981120.000000
2X1 2016 96 83.557232 0.028003 19432979162816233603072.000000
2X1 2016 96 83.346958 0.028074 19432979727809404469248.000000
2X1 2016 192 71.761390 0.065212 19432980948751271067648.000000
2X1 2016 192 71.846898 0.065134 19432981758494180900864.000000
2X1 2016 192 71.836297 0.065144 19432982561169407475712.000000
2X1 2016 192 71.818726 0.065160 19432983363139651239936.000000
2X1 2016 192 71.770795 0.065203 19432984165107109986304.000000
2X1 3024 24 95.093863 0.013843 19432986119541419409408.000000
2X1 3024 24 94.908454 0.013870 19432986597271193780224.000000
2X1 3024 24 95.398161 0.013799 19432987070538857840640.000000
2X1 3024 24 95.184186 0.013830 19432987544140669517824.000000
2X1 3024 24 94.477510 0.013933 19432988015315665289216.000000
2X1 3024 96 66.486202 0.079197 19432989739854090731520.000000
2X1 3024 96 67.021359 0.078565 19432990632825157844992.000000
2X1 3024 96 66.294370 0.079427 19432991518118899613696.000000
2X1 3024 96 66.620121 0.079038 19432992411498152198144.000000
2X1 3024 96 66.450272 0.079240 19432993301450587111424.000000
2X1 3024 192 62.923681 0.167363 19432995564791116333056.000000
2X1 3024 192 63.336382 0.166272 19432997021421506920448.000000
2X1 3024 192 62.457728 0.168611 19432998469327631941632.000000
2X1 3024 192 62.485086 0.168537 19432999934912559579136.000000
2X1 3024 192 62.577406 0.168289 19433001397944192073728.000000
2X1 4032 24 36.531716 0.064066 19433005627643168555008.000000
2X1 4032 24 36.178495 0.064691 19433006425073195679744.000000
2X1 4032 24 35.516858 0.065896 19433007222386549850112.000000
2X1 4032 24 36.367382 0.064355 19433008026350937702400.000000
2X1 4032 24 36.151625 0.064739 19433008819059222904832.000000
2X1 4032 96 24.640221 0.379937 19433012502081340178432.000000
2X1 4032 96 24.027362 0.389628 19433015318476536938496.000000
2X1 4032 96 24.285369 0.385488 19433018193705286238208.000000
2X1 4032 96 23.606328 0.396577 19433021043646174068736.000000
2X1 4032 96 24.284021 0.385510 19433023963847806943232.000000
2X1 4032 192 41.162388 0.454868 19433029872669431955456.000000
2X1 4032 192 41.611596 0.449957 19433033169981860216832.000000
2X1 4032 192 40.985365 0.456832 19433036430944986202112.000000
2X1 4032 192 41.120279 0.455334 19433039738554283982848.000000
2X1 4032 192 41.777167 0.448174 19433043035103239864320.000000
3X1 1008 24 101.966147 0.001433 19433050929425209622528.000000
3X1 1008 24 101.902382 0.001434 19433051407053091766272.000000
3X1 1008 24 99.712302 0.001466 19433051839674946945024.000000
3X1 1008 24 101.530560 0.001440 19433052266338046705664.000000
3X1 1008 24 100.780332 0.001450 19433052692903725367296.000000
3X1 1008 96 106.106553 0.005510 19433053277549777387520.000000
3X1 1008 96 105.459527 0.005544 19433053730810489733120.000000
3X1 1008 96 125.919839 0.004643 19433054185288334573568.000000
3X1 1008 96 125.564122 0.004656 19433054618587062337536.000000
3X1 1008 96 125.360293 0.004664 19433055032840885895168.000000
3X1 1008 192 115.190638 0.010151 19433055641617792237568.000000
3X1 1008 192 114.740014 0.010191 19433056100115617415168.000000
3X1 1008 192 114.726854 0.010192 19433056558093378256896.000000
3X1 1008 192 114.834203 0.010183 19433057009476908875776.000000
3X1 1008 192 114.995896 0.010169 19433057460331671977984.000000
3X1 2016 24 114.340856 0.005116 19433058420150738354176.000000
3X1 2016 24 110.384374 0.005299 19433058845732156473344.000000
3X1 2016 24 111.649716 0.005239 19433059266696165982208.000000
3X1 2016 24 115.298864 0.005073 19433059685550738374656.000000
3X1 2016 24 112.360517 0.005206 19433060101649392992256.000000
3X1 2016 96 100.143216 0.023365 19433061099002908377088.000000
3X1 2016 96 100.206444 0.023350 19433061641679701803008.000000
3X1 2016 96 100.142598 0.023365 19433062176648027176960.000000
3X1 2016 96 100.293770 0.023330 19433062713399204380672.000000
3X1 2016 96 100.180647 0.023356 19433063248100163846144.000000
3X1 2016 192 79.435710 0.058912 19433064438778965262336.000000
3X1 2016 192 79.438382 0.058910 19433065211006199791616.000000
3X1 2016 192 78.669945 0.059485 19433065974454969958400.000000
3X1 2016 192 79.108707 0.059155 19433066754998267805696.000000
3X1 2016 192 79.310134 0.059005 19433067523562780229632.000000
3X1 3024 24 104.570329 0.012588 19433069436201328443392.000000
3X1 3024 24 104.257454 0.012626 19433069905667581542400.000000
3X1 3024 24 104.704282 0.012572 19433070369783110696960.000000
3X1 3024 24 104.663482 0.012577 19433070834755682959360.000000
3X1 3024 24 104.556027 0.012590 19433071298823862616064.000000
3X1 3024 96 75.722725 0.069537 19433073016205912047616.000000
3X1 3024 96 75.763266 0.069500 19433073848727805886464.000000
3X1 3024 96 75.742423 0.069519 19433074676731746451456.000000
3X1 3024 96 75.760183 0.069503 19433075505968074194944.000000
3X1 3024 96 75.851401 0.069419 19433076332849170219008.000000
3X1 3024 192 71.714464 0.146847 19433078530023660453888.000000
3X1 3024 192 71.978530 0.146308 19433079856211062423552.000000
3X1 3024 192 71.669155 0.146940 19433081176479286427648.000000
3X1 3024 192 71.644698 0.146990 19433082502431220170752.000000
3X1 3024 192 71.916371 0.146435 19433083827204332191744.000000
3X1 4032 24 51.032707 0.045861 19433087902805301133312.000000
3X1 4032 24 52.178032 0.044855 19433088581028536123392.000000
3X1 4032 24 50.757636 0.046110 19433089249220149379072.000000
3X1 4032 24 50.779637 0.046090 19433089924946213208064.000000
3X1 4032 24 51.182958 0.045727 19433090601590452125696.000000
3X1 4032 96 38.228357 0.244890 19433094175719574994944.000000
3X1 4032 96 38.315096 0.244335 19433096126944025509888.000000
3X1 4032 96 37.811535 0.247589 19433098070367766839296.000000
3X1 4032 96 39.335103 0.237999 19433100035344358703104.000000
3X1 4032 96 36.648972 0.255443 19433101941451792580608.000000
3X1 4032 192 50.981574 0.367259 19433106991716920983552.000000
3X1 4032 192 51.176306 0.365862 19433109727688171454464.000000
3X1 4032 192 51.278200 0.365135 19433112450566037962752.000000
3X1 4032 192 51.127106 0.366214 19433115170455173464064.000000
3X1 4032 192 51.205650 0.365652 19433117894775087824896.000000
2X2 1008 24 240.127588 0.001217 19433125216891390918656.000000
2X2 1008 24 232.313702 0.001258 19433125746128778690560.000000
2X2 1008 24 231.086802 0.001265 19433126176481225998336.000000
2X2 1008 24 271.503401 0.001077 19433126602237752115200.000000
2X2 1008 24 268.246518 0.001090 19433127025261370408960.000000
2X2 1008 96 251.098584 0.004657 19433127586240277774336.000000
2X2 1008 96 289.798364 0.004035 19433128048396899188736.000000
2X2 1008 96 290.903573 0.004020 19433128489339045543936.000000
2X2 1008 96 291.165787 0.004016 19433128898886771933184.000000
2X2 1008 96 288.652062 0.004051 19433129307532819431424.000000
2X2 1008 192 265.962762 0.008793 19433129910861450706944.000000
2X2 1008 192 264.121572 0.008855 19433130357400908333056.000000
2X2 1008 192 253.058424 0.009242 19433130802381842284544.000000
2X2 1008 192 264.914797 0.008828 19433131243061618147328.000000
2X2 1008 192 264.536335 0.008841 19433131712470623191040.000000
2X2 2016 24 247.292057 0.004731 19433132668633196003328.000000
2X2 2016 24 232.006841 0.005043 19433133087255710138368.000000
2X2 2016 24 226.759162 0.005159 19433133498832833740800.000000
2X2 2016 24 234.214742 0.004995 19433133913509426364416.000000
2X2 2016 24 229.425873 0.005099 19433134323431616020480.000000
2X2 2016 96 255.419371 0.018322 19433135314994605326336.000000
2X2 2016 96 254.998424 0.018352 19433135823279376826368.000000
2X2 2016 96 255.093181 0.018345 19433136321386120216576.000000
2X2 2016 96 255.278116 0.018332 19433136818519411785728.000000
2X2 2016 96 257.387960 0.018182 19433137316076613271552.000000
2X2 2016 192 226.211673 0.041375 19433138469381980815360.000000
2X2 2016 192 226.849914 0.041258 19433139122367803424768.000000
2X2 2016 192 226.934872 0.041243 19433139767096639488000.000000
2X2 2016 192 226.893639 0.041250 19433140411598706311168.000000
2X2 2016 192 227.080924 0.041216 19433141057128285339648.000000
2X2 3024 24 236.094056 0.011151 19433142851707183562752.000000
2X2 3024 24 235.650431 0.011172 19433143306775905173504.000000
2X2 3024 24 234.506063 0.011227 19433143756370233786368.000000
2X2 3024 24 235.668256 0.011171 19433144207231795855360.000000
2X2 3024 24 238.206769 0.011052 19433144655894359834624.000000
2X2 3024 96 212.360142 0.049591 19433146359322735804416.000000
2X2 3024 96 212.780355 0.049493 19433147058794407133184.000000
2X2 3024 96 211.944728 0.049688 19433147753877326528512.000000
2X2 3024 96 213.035584 0.049433 19433148450983292960768.000000
2X2 3024 96 212.562328 0.049543 19433149147014301220864.000000
2X2 3024 192 208.623380 0.100958 19433151211341564870656.000000
2X2 3024 192 208.305694 0.101112 19433152238653429252096.000000
2X2 3024 192 208.301107 0.101114 19433153265238546579456.000000
2X2 3024 192 208.178798 0.101173 19433154291125052243968.000000
2X2 3024 192 207.913386 0.101302 19433155317120010027008.000000
2X2 4032 24 126.928771 0.036878 19433159093521792106496.000000
2X2 4032 24 125.553664 0.037282 19433159715551654707200.000000
2X2 4032 24 125.244351 0.037374 19433160333973509898240.000000
2X2 4032 24 127.299019 0.036771 19433160952709673648128.000000
2X2 4032 24 126.497816 0.037003 19433161565745077813248.000000
2X2 4032 96 94.530495 0.198068 19433165072772601217024.000000
2X2 4032 96 93.306254 0.200667 19433166722569611509760.000000
2X2 4032 96 96.901931 0.193221 19433168385321400795136.000000
2X2 4032 96 98.802760 0.189503 19433169999492248764416.000000
2X2 4032 96 100.536983 0.186234 19433171594105459834880.000000
2X2 4032 192 163.247692 0.229387 19433176205025435713536.000000
2X2 4032 192 169.907474 0.220396 19433178056132655054848.000000
2X2 4032 192 166.011805 0.225568 19433179846233567526912.000000
2X2 4032 192 167.647004 0.223368 19433181668370737528832.000000
2X2 4032 192 167.566371 0.223475 19433183476129904721920.000000
3X2 1008 24 242.448676 0.001206 19433189983928952291328.000000
3X2 1008 24 240.399894 0.001216 19433190420269066354688.000000
3X2 1008 24 234.780037 0.001245 19433190850971775795200.000000
3X2 1008 24 261.265401 0.001119 19433191275596657721344.000000
3X2 1008 24 259.906086 0.001125 19433191699435837456384.000000
3X2 1008 96 333.172878 0.003510 19433192261448754003968.000000
3X2 1008 96 328.669377 0.003558 19433193006379449712640.000000
3X2 1008 96 330.389853 0.003539 19433193414410931011584.000000
3X2 1008 96 329.651527 0.003547 19433193822229295529984.000000
3X2 1008 96 328.986638 0.003554 19433194230123803443200.000000
3X2 1008 192 323.445433 0.007231 19433194833494155460608.000000
3X2 1008 192 324.608142 0.007205 19433195269408962904064.000000
3X2 1008 192 323.982360 0.007219 19433195706945225359360.000000
3X2 1008 192 324.698548 0.007203 19433196136030841864192.000000
3X2 1008 192 324.744582 0.007202 19433196567364659838976.000000
3X2 2016 24 245.643356 0.004763 19433197507431289061376.000000
3X2 2016 24 237.414332 0.004928 19433197930124912099328.000000
3X2 2016 24 236.715777 0.004942 19433198345383107887104.000000
3X2 2016 24 250.578106 0.004669 19433198759729977884672.000000
3X2 2016 24 242.787478 0.004819 19433199173306018693120.000000
3X2 2016 96 291.145088 0.016073 19433200168554068967424.000000
3X2 2016 96 294.493999 0.015891 19433200665678342782976.000000
3X2 2016 96 271.596888 0.017230 19433201151403530125312.000000
3X2 2016 96 284.724114 0.016436 19433201646851843948544.000000
3X2 2016 96 291.788374 0.016038 19433202165074846810112.000000
3X2 2016 192 261.932560 0.035732 19433203313211170881536.000000
3X2 2016 192 256.851146 0.036439 19433203934938192150528.000000
3X2 2016 192 262.221361 0.035693 19433204553606085214208.000000
3X2 2016 192 261.738198 0.035759 19433205166032161865728.000000
3X2 2016 192 262.549254 0.035648 19433205780705466908672.000000
3X2 3024 24 235.949921 0.011158 19433207542531980525568.000000
3X2 3024 24 235.107546 0.011198 19433207998205336223744.000000
3X2 3024 24 235.946411 0.011158 19433208451893162934272.000000
3X2 3024 24 236.971552 0.011110 19433208905670856802304.000000
3X2 3024 24 234.562056 0.011224 19433209357498576797696.000000
3X2 3024 96 248.908057 0.042309 19433211063282641666048.000000
3X2 3024 96 250.347382 0.042066 19433211718320930160640.000000
3X2 3024 96 248.450261 0.042387 19433212370055625441280.000000
3X2 3024 96 249.419653 0.042222 19433213022475653218304.000000
3X2 3024 96 247.085795 0.042621 19433213674347728732160.000000
3X2 3024 192 243.478581 0.086505 19433215696789561147392.000000
3X2 3024 192 243.141559 0.086625 19433216637560514674688.000000
3X2 3024 192 243.233888 0.086592 19433217573145706233856.000000
3X2 3024 192 243.220900 0.086597 19433218508520721219584.000000
3X2 3024 192 243.293312 0.086571 19433219444192751648768.000000
3X2 4032 24 146.870708 0.031871 19433223114867060244480.000000
3X2 4032 24 148.652280 0.031489 19433223707853674512384.000000
3X2 4032 24 145.029363 0.032275 19433224289560802885632.000000
3X2 4032 24 139.410026 0.033576 19433224876122997522432.000000
3X2 4032 24 146.497682 0.031952 19433225470571439980544.000000
3X2 4032 96 137.685187 0.135987 19433228950179728588800.000000
3X2 4032 96 132.527348 0.141280 19433230202148946444288.000000
3X2 4032 96 134.424628 0.139286 19433231486186990600192.000000
3X2 4032 96 137.040335 0.136627 19433232757734447775744.000000
3X2 4032 96 135.977085 0.137696 19433234012044234063872.000000
3X2 4032 192 179.582223 0.208522 19433238336992226312192.000000
3X2 4032 192 179.186738 0.208983 19433240054830616018944.000000
3X2 4032 192 177.756278 0.210664 19433241773080739577856.000000
3X2 4032 192 177.603710 0.210845 19433243500424718188544.000000
3X2 4032 192 178.334217 0.209982 19433245228653464256512.000000
2X3 1008 24 421.933594 0.001039 19433251579961997787136.000000
2X3 1008 24 420.522644 0.001043 19433252044624459988992.000000
2X3 1008 24 412.973353 0.001062 19433252475867056046080.000000
2X3 1008 24 412.357432 0.001063 19433252903526906986496.000000
2X3 1008 24 430.630966 0.001018 19433253329541730926592.000000
2X3 1008 96 455.021235 0.003855 19433253913268949352448.000000
2X3 1008 96 453.557071 0.003867 19433254359050924064768.000000
2X3 1008 96 476.846203 0.003678 19433254803100349235200.000000
2X3 1008 96 476.168786 0.003684 19433255234134060564480.000000
2X3 1008 96 476.845814 0.003678 19433255646015510282240.000000
2X3 1008 192 450.781276 0.007782 19433256251604602978304.000000
2X3 1008 192 451.955460 0.007762 19433256693965938229248.000000
2X3 1008 192 452.516945 0.007752 19433257136425877372928.000000
2X3 1008 192 451.567765 0.007769 19433257572310854926336.000000
2X3 1008 192 450.903126 0.007780 19433258008804576985088.000000
2X3 2016 24 397.348774 0.004416 19433258951674586726400.000000
2X3 2016 24 402.360962 0.004361 19433259373806852505600.000000
2X3 2016 24 397.543112 0.004414 19433259787150273019904.000000
2X3 2016 24 389.873153 0.004501 19433260201318411141120.000000
2X3 2016 24 392.929609 0.004466 19433260615733212086272.000000
2X3 2016 96 441.991052 0.015882 19433261608294168920064.000000
2X3 2016 96 442.541970 0.015862 19433262104414791925760.000000
2X3 2016 96 443.904786 0.015813 19433262593392628465664.000000
2X3 2016 96 443.892687 0.015814 19433263080296708833280.000000
2X3 2016 96 442.398166 0.015867 19433263567823697870848.000000
2X3 2016 192 400.673112 0.035039 19433264712963036545024.000000
2X3 2016 192 401.651645 0.034953 19433265331674223214592.000000
2X3 2016 192 401.560024 0.034961 19433265942882290761728.000000
2X3 2016 192 378.333600 0.037108 19433266553096463450112.000000
2X3 2016 192 400.903754 0.035019 19433267189645605601280.000000
2X3 3024 24 405.736777 0.009733 19433268962451917897728.000000
2X3 3024 24 412.258644 0.009579 19433269414558739464192.000000
2X3 3024 24 407.172192 0.009699 19433269860806869123072.000000
2X3 3024 24 410.871145 0.009612 19433270308249687556096.000000
2X3 3024 24 405.503805 0.009739 19433270752873304555520.000000
2X3 3024 96 406.541200 0.038856 19433272456280256020480.000000
2X3 3024 96 406.058510 0.038902 19433273091177609953280.000000
2X3 3024 96 406.759046 0.038835 19433273723259830927360.000000
2X3 3024 96 407.044421 0.038808 19433274354601602056192.000000
2X3 3024 96 406.746384 0.038836 19433274986399675711488.000000
2X3 3024 192 382.155879 0.082671 19433276990908631351296.000000
2X3 3024 192 382.088960 0.082685 19433277908552838545408.000000
2X3 3024 192 381.590797 0.082793 19433278820938659397632.000000
2X3 3024 192 381.891856 0.082728 19433279735733470363648.000000
2X3 3024 192 382.371340 0.082624 19433280652385036795904.000000
2X3 4032 24 257.532807 0.027264 19433284326716459712512.000000
2X3 4032 24 261.238170 0.026877 19433284885375505924096.000000
2X3 4032 24 259.306112 0.027077 19433285439049860907008.000000
2X3 4032 24 256.883317 0.027333 19433285992430170013696.000000
2X3 4032 24 256.456512 0.027378 19433286550037540634624.000000
2X3 4032 96 245.114748 0.114580 19433289985749438955520.000000
2X3 4032 96 245.379092 0.114456 19433291102018150072320.000000
2X3 4032 96 245.047998 0.114611 19433292215612283551744.000000
2X3 4032 96 245.085722 0.114593 19433293329639726383104.000000
2X3 4032 96 244.993985 0.114636 19433294443064779079680.000000
2X3 4032 192 235.790738 0.238221 19433298601005010649088.000000
2X3 4032 192 237.603369 0.236404 19433300509008022470656.000000
2X3 4032 192 237.686641 0.236321 19433302403962546159616.000000
2X3 4032 192 237.423713 0.236583 19433304299108162338816.000000
2X3 4032 192 237.815281 0.236193 19433306194610810257408.000000
3X3 1008 24 384.331175 0.001141 19433312819045227036672.000000
3X3 1008 24 385.797672 0.001137 19433313279902977359872.000000
3X3 1008 24 384.450795 0.001141 19433313711902842421248.000000
3X3 1008 24 392.051219 0.001118 19433314137686434381824.000000
3X3 1008 24 395.151703 0.001110 19433314564125214375936.000000
3X3 1008 96 457.210026 0.003836 19433315144540379676672.000000
3X3 1008 96 513.076381 0.003419 19433315586508519899136.000000
3X3 1008 96 514.833239 0.003407 19433316023507861110784.000000
3X3 1008 96 512.579938 0.003422 19433316432000824901632.000000
3X3 1008 96 510.918155 0.003433 19433316840009216557056.000000
3X3 1008 192 513.867182 0.006827 19433317444179250380800.000000
3X3 1008 192 513.072704 0.006837 19433317878470144950272.000000
3X3 1008 192 514.078710 0.006824 19433318313921687322624.000000
3X3 1008 192 513.769497 0.006828 19433318742379265523712.000000
3X3 1008 192 513.338108 0.006834 19433319170906586611712.000000
3X3 2016 24 414.470916 0.004234 19433320109601808449536.000000
3X3 2016 24 410.233654 0.004278 19433320528587322818560.000000
3X3 2016 24 412.508743 0.004254 19433320941412734205952.000000
3X3 2016 24 399.743619 0.004390 19433321353425344004096.000000
3X3 2016 24 411.142964 0.004268 19433321766490237566976.000000
3X3 2016 96 478.402019 0.014673 19433322758089251749888.000000
3X3 2016 96 478.528003 0.014669 19433323244719234351104.000000
3X3 2016 96 480.548435 0.014607 19433323723965115400192.000000
3X3 2016 96 481.712668 0.014572 19433324202245442502656.000000
3X3 2016 96 479.960354 0.014625 19433324681124598775808.000000
3X3 2016 192 446.699186 0.031429 19433325818469561663488.000000
3X3 2016 192 450.121875 0.031190 19433326412713259171840.000000
3X3 2016 192 446.385480 0.031451 19433326997406425808896.000000
3X3 2016 192 447.562995 0.031368 19433327584712425734144.000000
3X3 2016 192 451.483119 0.031096 19433328170882658467840.000000
3X3 3024 24 377.780220 0.010454 19433329904355920314368.000000
3X3 3024 24 378.521834 0.010433 19433330358064915677184.000000
3X3 3024 24 383.408721 0.010300 19433330821000717139968.000000
3X3 3024 24 344.384957 0.011467 19433331274332355166208.000000
3X3 3024 24 371.361866 0.010634 19433331730793933832192.000000
3X3 3024 96 443.125954 0.035648 19433333463339935727616.000000
3X3 3024 96 443.099317 0.035650 19433334078245043175424.000000
3X3 3024 96 444.156239 0.035565 19433334693028704550912.000000
3X3 3024 96 443.804531 0.035594 19433335303793933287424.000000
3X3 3024 96 443.114630 0.035649 19433335914713931841536.000000
3X3 3024 192 435.380940 0.072565 19433337896108484984832.000000
3X3 3024 192 435.116265 0.072609 19433338746295512203264.000000
3X3 3024 192 434.483162 0.072714 19433339592937853419520.000000
3X3 3024 192 435.777836 0.072498 19433340441393400643584.000000
3X3 3024 192 435.693538 0.072512 19433341287976769945600.000000
3X3 4032 24 268.237214 0.026176 19433344886011714338816.000000
3X3 4032 24 271.935429 0.025820 19433345435848272773120.000000
3X3 4032 24 270.036710 0.026001 19433345980211675529216.000000
3X3 4032 24 275.469793 0.025488 19433346525830186008576.000000
3X3 4032 24 274.935271 0.025538 19433347068601099616256.000000
3X3 4032 96 292.037027 0.096170 19433350499424435961856.000000
3X3 4032 96 292.630867 0.095975 19433351496912613670912.000000
3X3 4032 96 292.570444 0.095995 19433352491210398236672.000000
3X3 4032 96 295.361737 0.095087 19433353484685356826624.000000
3X3 4032 96 291.837714 0.096236 19433354473108590821376.000000
3X3 4032 192 304.701032 0.184346 19433358510311151239168.000000
3X3 4032 192 305.166582 0.184065 19433360072477033627648.000000
3X3 4032 192 304.822217 0.184272 19433361629994138206208.000000
3X3 4032 192 302.779874 0.185515 19433363190398391943168.000000
3X3 4032 192 304.915189 0.184216 19433364757358963589120.000000
2X4 1008 24 554.011067 0.001055 19433370980932229529600.000000
2X4 1008 24 542.723023 0.001077 19433371414730998022144.000000
2X4 1008 24 539.863579 0.001083 19433371844814191984640.000000
2X4 1008 24 558.474763 0.001047 19433372270648321114112.000000
2X4 1008 24 555.290714 0.001053 19433372696333619560448.000000
2X4 1008 96 605.671022 0.003861 19433373274525036183552.000000
2X4 1008 96 671.702383 0.003482 19433373718974572789760.000000
2X4 1008 96 672.643615 0.003477 19433374158618892435456.000000
2X4 1008 96 673.182453 0.003474 19433374569244471066624.000000
2X4 1008 96 675.656888 0.003461 19433374977672846770176.000000
2X4 1008 192 658.318605 0.007105 19433375581870558806016.000000
2X4 1008 192 657.647447 0.007112 19433376019660417269760.000000
2X4 1008 192 658.435835 0.007104 19433376456484214276096.000000
2X4 1008 192 659.833568 0.007089 19433376886642012323840.000000
2X4 1008 192 660.649976 0.007080 19433377315910718586880.000000
2X4 2016 24 552.354323 0.004236 19433378257472059342848.000000
2X4 2016 24 549.645501 0.004257 19433378676486149505024.000000
2X4 2016 24 549.897003 0.004255 19433379087955466911744.000000
2X4 2016 24 547.373338 0.004275 19433379499262603165696.000000
2X4 2016 24 556.257054 0.004206 19433379910052464295936.000000
2X4 2016 96 648.455110 0.014433 19433380899041694449664.000000
2X4 2016 96 643.726856 0.014539 19433381382677824798720.000000
2X4 2016 96 652.233017 0.014350 19433381864166890930176.000000
2X4 2016 96 651.345948 0.014369 19433382339219520749568.000000
2X4 2016 96 642.624801 0.014564 19433382814741765816320.000000
2X4 2016 192 628.342966 0.029791 19433383947951090434048.000000
2X4 2016 192 629.570375 0.029733 19433384529374025351168.000000
2X4 2016 192 628.930058 0.029763 19433385103284609482752.000000
2X4 2016 192 628.859001 0.029766 19433385676589611614208.000000
2X4 2016 192 629.388773 0.029741 19433386250298156122112.000000
2X4 3024 24 560.841805 0.009389 19433387972607095078912.000000
2X4 3024 24 562.236283 0.009365 19433388418620243050496.000000
2X4 3024 24 568.826228 0.009257 19433388862315127898112.000000
2X4 3024 24 566.245933 0.009299 19433389302851508895744.000000
2X4 3024 24 563.825775 0.009339 19433389743244398559232.000000
2X4 3024 96 623.567478 0.033777 19433391438800988667904.000000
2X4 3024 96 624.063764 0.033750 19433392039582708531200.000000
2X4 3024 96 622.892651 0.033813 19433392637313755906048.000000
2X4 3024 96 622.791791 0.033819 19433393235091615907840.000000
2X4 3024 96 624.883019 0.033706 19433393833868357795840.000000
2X4 3024 192 600.596218 0.070137 19433395819830843539456.000000
2X4 3024 192 601.599307 0.070020 19433396653332723924992.000000
2X4 3024 192 602.814915 0.069879 19433397483604159758336.000000
2X4 3024 192 602.790874 0.069882 19433398312751182381056.000000
2X4 3024 192 602.075306 0.069965 19433399140897435680768.000000
2X4 4032 24 378.751249 0.024717 19433402723848849195008.000000
2X4 4032 24 379.926041 0.024641 19433403264140157386752.000000
2X4 4032 24 382.286402 0.024489 19433403800372985724928.000000
2X4 4032 24 383.672392 0.024400 19433404336532959002624.000000
2X4 4032 24 386.179505 0.024242 19433404871507890405376.000000
2X4 4032 96 408.881677 0.091584 19433408301597403906048.000000
2X4 4032 96 405.909632 0.092254 19433409269039563276288.000000
2X4 4032 96 409.812466 0.091376 19433410239434382639104.000000
2X4 4032 96 408.418641 0.091688 19433411203005983752192.000000
2X4 4032 96 381.662227 0.098115 19433412168859349155840.000000
2X4 4032 192 389.801688 0.192133 19433416227254612000768.000000
2X4 4032 192 391.477430 0.191311 19433417842991210430464.000000
2X4 4032 192 392.988862 0.190575 19433419448891528445952.000000
2X4 4032 192 392.658474 0.190735 19433421051270136856576.000000
2X4 4032 192 392.195261 0.190960 19433422652860966895616.000000
