3 1 960 1
3 1 960 1
3 1 960 1
3 1 960 1
3 1 1920 1
3 1 1920 1
3 1 1920 1
3 1 1920 1
3 1 2880 1
3 1 2880 1
3 1 2880 1
3 1 2880 1
3 1 3840 1
3 1 3840 1
3 1 3840 1
3 1 3840 1
3 1 4800 1
3 1 4800 1
3 1 4800 1
3 1 4800 1
3 2 960 1
3 2 960 1
3 2 960 1
3 2 960 1
3 2 1920 1
3 2 1920 1
3 2 1920 1
3 2 1920 1
3 2 2880 1
3 2 2880 1
3 2 2880 1
3 2 2880 1
3 2 3840 1
3 2 3840 1
3 2 3840 1
3 2 3840 1
3 2 4800 1
3 2 4800 1
3 2 4800 1
3 2 4800 1
3 3 960 1
3 3 960 1
3 3 960 1
3 3 960 1
3 3 1920 1
3 3 1920 1
3 3 1920 1
3 3 1920 1
3 3 2880 1
3 3 2880 1
3 3 2880 1
3 3 2880 1
3 3 3840 1
3 3 3840 1
3 3 3840 1
3 3 3840 1
3 3 4800 1
3 3 4800 1
3 3 4800 1
3 3 4800 1
3 4 960 1
3 4 960 1
3 4 960 1
3 4 960 1
3 4 1920 1
3 4 1920 1
3 4 1920 1
3 4 1920 1
3 4 2880 1
3 4 2880 1
3 4 2880 1
3 4 2880 1
3 4 3840 1
3 4 3840 1
3 4 3840 1
3 4 3840 1
3 4 4800 1
3 4 4800 1
3 4 4800 1
3 4 4800 1
3 5 960 1
3 5 960 1
3 5 960 1
3 5 960 1
3 5 1920 1
3 5 1920 1
3 5 1920 1
3 5 1920 1
3 5 2880 1
3 5 2880 1
3 5 2880 1
3 5 2880 1
3 5 3840 1
3 5 3840 1
3 5 3840 1
3 5 3840 1
3 5 4800 1
3 5 4800 1
3 5 4800 1
3 5 4800 1
3 6 960 1
3 6 960 1
3 6 960 1
3 6 960 1
3 6 1920 1
3 6 1920 1
3 6 1920 1
3 6 1920 1
3 6 2880 1
3 6 2880 1
3 6 2880 1
3 6 2880 1
3 6 3840 1
3 6 3840 1
3 6 3840 1
3 6 3840 1
3 6 4800 1
3 6 4800 1
3 6 4800 1
3 6 4800 1
3 7 960 1
3 7 960 1
3 7 960 1
3 7 960 1
3 7 1920 1
3 7 1920 1
3 7 1920 1
3 7 1920 1
3 7 2880 1
3 7 2880 1
3 7 2880 1
3 7 2880 1
3 7 3840 1
3 7 3840 1
3 7 3840 1
3 7 3840 1
3 7 4800 1
3 7 4800 1
3 7 4800 1
3 7 4800 1
