1X3 960 96 214.343514 0.002474 3437567544994528493568.000000
1X3 960 96 204.598112 0.002592 3437567887215759458304.000000
1X3 960 96 243.685273 0.002176 3437568224480324485120.000000
1X3 960 96 211.275257 0.002510 3437568569926329827328.000000
1X3 960 96 272.219160 0.001948 3437568906639267332096.000000
1X3 960 192 234.341273 0.004526 3437569343688135409664.000000
1X3 960 192 331.324480 0.003201 3437569713874093473792.000000
1X3 960 192 291.657119 0.003636 3437570053689021825024.000000
1X3 960 192 267.607648 0.003963 3437570396921458589696.000000
1X3 960 192 296.531265 0.003577 3437570742808749801472.000000
1X3 960 384 358.268640 0.005921 3437571231525974310912.000000
1X3 960 384 366.537980 0.005787 3437571590879108399104.000000
1X3 960 384 341.088371 0.006219 3437571949400260345856.000000
1X3 960 384 389.812281 0.005441 3437572309407941263360.000000
1X3 960 384 344.951418 0.006149 3437572665113550258176.000000
1X3 960 768 381.450718 0.011122 3437573227598237925376.000000
1X3 960 768 392.710295 0.010803 3437573623995453931520.000000
1X3 960 768 388.021200 0.010933 3437574016036246650880.000000
1X3 960 768 386.722397 0.010970 3437574407026159648768.000000
1X3 960 768 410.502915 0.010334 3437574798286082015232.000000
1X3 1920 96 333.820236 0.006357 3437575499236748296192.000000
1X3 1920 96 320.385406 0.006624 3437575864107302649856.000000
1X3 1920 96 338.368346 0.006272 3437576221828494393344.000000
1X3 1920 96 311.118570 0.006821 3437576577084892905472.000000
1X3 1920 96 318.200925 0.006670 3437576936114096701440.000000
1X3 1920 192 365.323690 0.011619 3437577657887930449920.000000
1X3 1920 192 362.783786 0.011700 3437578051825747099648.000000
1X3 1920 192 355.434798 0.011942 3437578442866457313280.000000
1X3 1920 192 383.194398 0.011077 3437578833718783508480.000000
1X3 1920 192 364.592091 0.011642 3437579219433352593408.000000
1X3 960 96 194.954113 0.002720 3438293457859813310464.000000
1X3 960 96 235.500150 0.002252 3438293797876839481344.000000
1X3 960 96 191.481280 0.002769 3438294127712913063936.000000
1X3 960 96 179.708604 0.002951 3438294465051731427328.000000
1X3 960 96 177.720319 0.002984 3438294801869314195456.000000
1X3 960 192 220.270074 0.004815 3438295254667480793088.000000
1X3 960 192 246.023725 0.004311 3438295609811392790528.000000
1X3 960 192 297.004181 0.003571 3438295963208455815168.000000
1X3 960 192 302.093187 0.003511 3438296303109886443520.000000
1X3 960 192 270.548182 0.003920 3438296641286314131456.000000
1X3 960 384 293.804184 0.007220 3438297138464045400064.000000
1X3 960 384 314.822621 0.006738 3438297509231426797568.000000
1X3 960 384 285.304430 0.007435 3438297872667683323904.000000
1X3 960 384 307.833071 0.006891 3438298255072124993536.000000
1X3 960 384 318.876290 0.006652 3438298617368177278976.000000
1X3 960 768 318.913230 0.013302 3438299213258587897856.000000
1X3 960 768 340.110471 0.012473 3438299634934609346560.000000
1X3 960 768 317.923828 0.013344 3438300035422641717248.000000
1X3 960 768 338.215370 0.012543 3438300440638057349120.000000
1X3 960 768 336.540638 0.012606 3438300841201492819968.000000
1X3 1920 96 276.982075 0.007662 3438301583187439517696.000000
1X3 1920 96 299.510297 0.007086 3438301953919407882240.000000
1X3 1920 96 303.911018 0.006983 3438302315095472996352.000000
1X3 1920 96 287.319771 0.007386 3438302675708357378048.000000
1X3 1920 96 278.851473 0.007611 3438303035506772410368.000000
1X3 1920 192 317.508620 0.013368 3438303802338438545408.000000
1X3 1920 192 336.859631 0.012600 3438304208247662313472.000000
1X3 1920 192 320.928128 0.013226 3438304616949277523968.000000
1X3 1920 192 325.316185 0.013047 3438305015142219776000.000000
1X3 1920 192 321.234236 0.013213 3438305414831625207808.000000
1X3 1920 384 347.326807 0.024441 3438306291838325620736.000000
1X3 1920 384 335.223800 0.025324 3438306770937803440128.000000
1X3 1920 384 344.289516 0.024657 3438307248517478875136.000000
1X3 1920 384 347.777332 0.024409 3438307720382998642688.000000
1X3 1920 384 348.967754 0.024326 3438308190724485021696.000000
1X3 1920 768 362.603428 0.046823 3438309283798351085568.000000
1X3 1920 768 366.605521 0.046312 3438309899162697072640.000000
1X3 1920 768 347.363702 0.048877 3438310502556267184128.000000
1X3 1920 768 359.400255 0.047240 3438311120504562909184.000000
1X3 1920 768 355.045280 0.047819 3438311727935143280640.000000
1X3 2880 96 300.430903 0.015897 3438313026263347363840.000000
1X3 2880 96 309.760315 0.015418 3438313445319979827200.000000
1X3 2880 96 310.637562 0.015375 3438313853856136560640.000000
1X3 2880 96 310.487615 0.015382 3438314261447404683264.000000
1X3 2880 96 305.363100 0.015640 3438314669258099916800.000000
1X3 2880 192 333.529375 0.028639 3438315849878713401344.000000
1X3 2880 192 343.758720 0.027786 3438316354300492644352.000000
1X3 2880 192 314.926025 0.030330 3438316840850471518208.000000
1X3 2880 192 341.327918 0.027984 3438317343912481521664.000000
1X3 2880 192 338.230469 0.028241 3438317838993787453440.000000
1X3 2880 384 343.148050 0.055672 3438319226258250006528.000000
1X3 2880 384 353.281695 0.054075 3438319899951150661632.000000
1X3 2880 384 353.836056 0.053990 3438320563630370193408.000000
1X3 2880 384 356.732046 0.053552 3438321227748825628672.000000
1X3 2880 384 345.375006 0.055313 3438321881792958693376.000000
1X3 2880 768 349.752229 0.109241 3438323689864132820992.000000
1X3 2880 768 354.351055 0.107823 3438324721248420495360.000000
1X3 2880 768 360.527165 0.105976 3438325733218309373952.000000
1X3 2880 768 362.655288 0.105354 3438326733159147241472.000000
1X3 2880 768 363.037463 0.105243 3438327716296770191360.000000
1X3 3840 96 303.441420 0.027983 3438330250415267381248.000000
1X3 3840 96 310.103954 0.027382 3438330748100368924672.000000
1X3 3840 96 313.482488 0.027087 3438331230300625436672.000000
1X3 3840 96 308.607585 0.027515 3438331701405024256000.000000
1X3 3840 96 290.078705 0.029272 3438332182702049460224.000000
1X3 3840 192 327.830288 0.051803 3438334296301047906304.000000
1X3 3840 192 335.311634 0.050647 3438334940263577288704.000000
1X3 3840 192 335.183932 0.050666 3438335571468818579456.000000
1X3 3840 192 333.618508 0.050904 3438336203240620163072.000000
1X3 3840 192 318.839239 0.053264 3438336847561465266176.000000
1X3 3840 384 350.188087 0.096991 3438339277043186270208.000000
1X3 3840 384 347.059028 0.097865 3438340213284210212864.000000
1X3 3840 384 354.173850 0.095899 3438341147540666187776.000000
1X3 3840 384 341.825246 0.099364 3438342069000602648576.000000
1X3 3840 384 352.434208 0.096373 3438343022678026747904.000000
1X3 3840 768 348.054627 0.195171 3438346011300496146432.000000
1X3 3840 768 348.468419 0.194939 3438347582548755349504.000000
1X3 3840 768 344.873177 0.196971 3438349147811121987584.000000
1X3 3840 768 347.196721 0.195653 3438350731041158725632.000000
1X3 3840 768 345.878354 0.196399 3438352291005627105280.000000
1X3 4800 96 314.259350 0.042221 3438355756174688649216.000000
1X3 4800 96 306.983624 0.043221 3438356337825565638656.000000
1X3 4800 96 312.827970 0.042414 3438356919558522535936.000000
1X3 4800 96 314.076598 0.042245 3438357495842525413376.000000
1X3 4800 96 311.001577 0.042663 3438358080434143756288.000000
1X3 4800 192 339.586336 0.078144 3438360663831345102848.000000
1X3 4800 192 326.314300 0.081322 3438361470149585272832.000000
1X3 4800 192 340.520797 0.077929 3438362300626875449344.000000
1X3 4800 192 331.809753 0.079975 3438363103652561813504.000000
1X3 4800 192 340.633382 0.077904 3438363920250658357248.000000
1X3 4800 384 343.589046 0.154467 3438366912110477705216.000000
1X3 4800 384 338.163615 0.156945 3438368214022437732352.000000
1X3 4800 384 347.872577 0.152565 3438369534755255353344.000000
1X3 4800 384 347.296360 0.152818 3438370818125859913728.000000
1X3 4800 384 329.167035 0.161235 3438372103022665793536.000000
1X3 4800 768 340.133983 0.312072 3438376065418021306368.000000
1X3 4800 768 340.129701 0.312076 3438378378812200583168.000000
1X3 4800 768 296.240727 0.358311 3438380686491017805824.000000
1X3 4800 768 329.930943 0.321722 3438383313820242673664.000000
1X3 4800 768 333.864144 0.317932 3438385688303195127808.000000
2X3 960 96 144.509946 0.003670 3438391079007271518208.000000
2X3 960 96 188.826569 0.002808 3438391422830391590912.000000
2X3 960 96 188.660302 0.002811 3438391751834078806016.000000
2X3 960 96 187.504049 0.002828 3438392083120290529280.000000
2X3 960 96 183.585657 0.002889 3438392412348594782208.000000
2X3 960 192 245.072400 0.004328 3438392856976867459072.000000
2X3 960 192 263.623738 0.004023 3438393213629859627008.000000
2X3 960 192 269.984260 0.003928 3438393558011859173376.000000
2X3 960 192 288.882755 0.003671 3438393903367987920896.000000
2X3 960 192 282.884427 0.003749 3438394258742338125824.000000
2X3 960 384 271.712564 0.007807 3438394757011888144384.000000
2X3 960 384 321.844757 0.006591 3438395135264806666240.000000
2X3 960 384 336.661488 0.006301 3438395496113712398336.000000
2X3 960 384 296.598809 0.007152 3438395858256454483968.000000
2X3 960 384 309.362780 0.006857 3438396224826699153408.000000
2X3 960 768 327.722679 0.012945 3438396826078651351040.000000
2X3 960 768 350.439932 0.012106 3438397236868974379008.000000
2X3 960 768 338.930942 0.012517 3438397635690181951488.000000
2X3 960 768 345.377386 0.012283 3438398035568819175424.000000
2X3 960 768 344.923007 0.012299 3438398433960280457216.000000
2X3 1920 96 289.424586 0.007333 3438399178355514015744.000000
2X3 1920 96 274.070104 0.007743 3438399547853529677824.000000
2X3 1920 96 284.431483 0.007461 3438399914545607344128.000000
2X3 1920 96 275.341615 0.007708 3438400278375183155200.000000
2X3 1920 96 294.318312 0.007211 3438400668676604821504.000000
2X3 1920 192 337.284279 0.012584 3438401432590134804480.000000
2X3 1920 192 335.562974 0.012649 3438401835343838445568.000000
2X3 1920 192 322.311366 0.013169 3438402233553927536640.000000
2X3 1920 192 321.256774 0.013212 3438402631745926594560.000000
2X3 1920 192 336.266640 0.012622 3438403029828600594432.000000
2X3 1920 384 350.366706 0.024229 3438403906006847848448.000000
2X3 1920 384 353.725777 0.023999 3438404386009390776320.000000
2X3 1920 384 350.841846 0.024196 3438404854720902987776.000000
2X3 1920 384 351.077787 0.024180 3438405323552511754240.000000
2X3 1920 384 351.214685 0.024171 3438405792553266315264.000000
2X3 1920 768 368.498517 0.046074 3438406901034219208704.000000
2X3 1920 768 361.742258 0.046934 3438407525144804720640.000000
2X3 1920 768 363.354049 0.046726 3438408139450522009600.000000
2X3 1920 768 369.230114 0.045982 3438408752037339070464.000000
2X3 1920 768 364.947482 0.046522 3438409361797570101248.000000
2X3 2880 96 314.974439 0.015163 3438410672921741099008.000000
2X3 2880 96 314.082042 0.015206 3438411087746533687296.000000
2X3 2880 96 314.605241 0.015181 3438411494658971533312.000000
2X3 2880 96 314.642881 0.015179 3438411901106390040576.000000
2X3 2880 96 313.051148 0.015256 3438412308579291758592.000000
2X3 2880 192 340.236824 0.028074 3438413494575092989952.000000
2X3 2880 192 338.177875 0.028245 3438414000031317098496.000000
2X3 2880 192 337.596843 0.028294 3438414492569071255552.000000
2X3 2880 192 345.702566 0.027630 3438414984363983765504.000000
2X3 2880 192 342.013342 0.027928 3438415470306494775296.000000
2X3 2880 384 359.428248 0.053150 3438416843443576766464.000000
2X3 2880 384 353.887359 0.053982 3438417501228223168512.000000
2X3 2880 384 359.776022 0.053099 3438418156057074335744.000000
2X3 2880 384 345.219069 0.055338 3438418805871135948800.000000
2X3 2880 384 363.249341 0.052591 3438419470528406355968.000000
2X3 2880 768 358.148489 0.106680 3438421243193277284352.000000
2X3 2880 768 365.658215 0.104489 3438422244640165462016.000000
2X3 2880 768 363.657627 0.105064 3438423226432775782400.000000
2X3 2880 768 361.472569 0.105699 3438424212553737437184.000000
2X3 2880 768 361.518274 0.105686 3438425205065661284352.000000
2X3 3840 96 290.172907 0.029263 3438427746203737784320.000000
2X3 3840 96 307.746122 0.027592 3438428255498373431296.000000
2X3 3840 96 290.304524 0.029249 3438428739012639326208.000000
2X3 3840 96 315.739947 0.026893 3438429234007225925632.000000
2X3 3840 96 298.086956 0.028486 3438429713795738763264.000000
2X3 3840 192 337.764150 0.050279 3438431812952550539264.000000
2X3 3840 192 339.748249 0.049986 3438432450784971980800.000000
2X3 3840 192 334.912155 0.050707 3438433102903838769152.000000
2X3 3840 192 339.537125 0.050017 3438433734241060126720.000000
2X3 3840 192 333.428933 0.050933 3438434366416794157056.000000
2X3 3840 384 353.580972 0.096060 3438436770234913783808.000000
2X3 3840 384 358.877068 0.094642 3438437700616236564480.000000
2X3 3840 384 353.968793 0.095955 3438438613606932152320.000000
2X3 3840 384 356.374537 0.095307 3438439552440828166144.000000
2X3 3840 384 355.911904 0.095431 3438440472029616930816.000000
2X3 3840 768 355.033049 0.191334 3438443459871070224384.000000
2X3 3840 768 355.582881 0.191039 3438445001254457835520.000000
2X3 3840 768 355.200247 0.191244 3438446545094790086656.000000
2X3 3840 768 354.912274 0.191399 3438448077783907172352.000000
2X3 3840 768 353.591512 0.192114 3438449611018441064448.000000
2X3 4800 96 315.146274 0.042102 3438453053938486214656.000000
2X3 4800 96 313.446587 0.042330 3438453643048462581760.000000
2X3 4800 96 323.175602 0.041056 3438454219706720583680.000000
2X3 4800 96 320.000139 0.041463 3438454787265887993856.000000
2X3 4800 96 318.868056 0.041611 3438455358531322249216.000000
2X3 4800 192 336.095846 0.078955 3438457929318299336704.000000
2X3 4800 192 332.924969 0.079707 3438458762721598898176.000000
2X3 4800 192 346.379299 0.076611 3438459579786459086848.000000
2X3 4800 192 340.955200 0.077830 3438460375738842349568.000000
2X3 4800 192 341.991390 0.077594 3438461180159260098560.000000
2X3 4800 384 356.997176 0.148665 3438464179957480816640.000000
2X3 4800 384 355.209539 0.149414 3438465461320985083904.000000
2X3 4800 384 358.516822 0.148035 3438466724613566496768.000000
2X3 4800 384 354.034960 0.149909 3438467979149629718528.000000
2X3 4800 384 357.052535 0.148642 3438469245905656610816.000000
2X3 4800 768 357.947180 0.296542 3438473080038546210816.000000
2X3 4800 768 353.771357 0.300042 3438475291806127357952.000000
2X3 4800 768 359.598501 0.295180 3438477519761504731136.000000
2X3 4800 768 359.221247 0.295490 3438479716756386480128.000000
2X3 4800 768 356.784181 0.297508 3438481914775056416768.000000
3X3 960 96 154.960550 0.003422 3438487298870518743040.000000
3X3 960 96 209.732061 0.002528 3438487650156420268032.000000
3X3 960 96 150.475297 0.003524 3438487987283149979648.000000
3X3 960 96 191.622502 0.002767 3438488332307932905472.000000
3X3 960 96 150.153396 0.003532 3438488671915121573888.000000
3X3 960 192 252.693842 0.004197 3438489131419476426752.000000
3X3 960 192 249.540315 0.004250 3438489486683460337664.000000
3X3 960 192 257.238544 0.004123 3438489832662874718208.000000
3X3 960 192 240.268483 0.004414 3438490191772926869504.000000
3X3 960 192 276.267110 0.003839 3438490544662381592576.000000
3X3 960 384 326.729930 0.006492 3438491048189017194496.000000
3X3 960 384 309.738268 0.006848 3438491418660391878656.000000
3X3 960 384 282.324808 0.007513 3438491783473185947648.000000
3X3 960 384 309.869306 0.006845 3438492153127261700096.000000
3X3 960 384 323.652129 0.006554 3438492516030404886528.000000
3X3 960 768 320.446955 0.013239 3438493111630683439104.000000
3X3 960 768 341.827566 0.012411 3438493525662215176192.000000
3X3 960 768 342.890774 0.012372 3438493923730899075072.000000
3X3 960 768 322.071676 0.013172 3438494323666729828352.000000
3X3 960 768 340.426790 0.012462 3438494730591652020224.000000
3X3 1920 96 280.490621 0.007566 3438495479230518788096.000000
3X3 1920 96 300.884577 0.007053 3438495851925169766400.000000
3X3 1920 96 287.577003 0.007380 3438496213676562317312.000000
3X3 1920 96 293.988436 0.007219 3438496587519673499648.000000
3X3 1920 96 298.504675 0.007110 3438496950704954933248.000000
3X3 1920 192 331.954553 0.012786 3438497711688650850304.000000
3X3 1920 192 330.148124 0.012856 3438498115437090308096.000000
3X3 1920 192 326.128221 0.013015 3438498514890094804992.000000
3X3 1920 192 322.278133 0.013170 3438498912693203238912.000000
3X3 1920 192 325.751382 0.013030 3438499311970898411520.000000
3X3 1920 384 348.842262 0.024335 3438500191092619083776.000000
3X3 1920 384 352.051010 0.024113 3438500667593549414400.000000
3X3 1920 384 352.081994 0.024111 3438501135655227097088.000000
3X3 1920 384 352.437297 0.024087 3438501604581323571200.000000
3X3 1920 384 351.104344 0.024178 3438502072761176817664.000000
3X3 1920 768 364.637358 0.046562 3438503182345103736832.000000
3X3 1920 768 361.443487 0.046973 3438503804708700815360.000000
3X3 1920 768 362.253373 0.046868 3438504421104492216320.000000
3X3 1920 768 365.895955 0.046401 3438505035947654512640.000000
3X3 1920 768 363.167281 0.046750 3438505648481427783680.000000
3X3 2880 96 318.955411 0.014974 3438506952708524605440.000000
3X3 2880 96 313.362374 0.015241 3438507368711422214144.000000
3X3 2880 96 317.110683 0.015061 3438507776377617383424.000000
3X3 2880 96 315.270729 0.015149 3438508183968834125824.000000
3X3 2880 96 316.720290 0.015079 3438508590576116432896.000000
3X3 2880 192 339.446054 0.028139 3438509778839429709824.000000
3X3 2880 192 336.661331 0.028372 3438510281943648043008.000000
3X3 2880 192 337.397399 0.028310 3438510774853928747008.000000
3X3 2880 192 347.576901 0.027481 3438511267498996793344.000000
3X3 2880 192 340.406347 0.028060 3438511753245923737600.000000
3X3 2880 384 357.184370 0.053484 3438513125062404997120.000000
3X3 2880 384 360.576820 0.052981 3438513784905455370240.000000
3X3 2880 384 358.041865 0.053356 3438514433464350539776.000000
3X3 2880 384 347.782303 0.054930 3438515084832059949056.000000
3X3 2880 384 357.048465 0.053504 3438515746133115928576.000000
3X3 2880 768 367.896890 0.103853 3438517512068937023488.000000
3X3 2880 768 368.684003 0.103632 3438518496659805569024.000000
3X3 2880 768 370.025070 0.103256 3438519473579284234240.000000
3X3 2880 768 365.385819 0.104567 3438520443884089114624.000000
3X3 2880 768 360.606349 0.105953 3438521423447544823808.000000
3X3 3840 96 306.644539 0.027691 3438523949868404178944.000000
3X3 3840 96 310.131907 0.027379 3438524445415059750912.000000
3X3 3840 96 305.975326 0.027751 3438524927656695693312.000000
3X3 3840 96 309.723558 0.027416 3438525412236317425664.000000
3X3 3840 96 305.627534 0.027783 3438525894806894280704.000000
3X3 3840 192 325.324318 0.052202 3438527988519677722624.000000
3X3 3840 192 341.482353 0.049732 3438528641343433998336.000000
3X3 3840 192 335.862149 0.050564 3438529266008810586112.000000
3X3 3840 192 336.088034 0.050530 3438529897053048274944.000000
3X3 3840 192 334.977925 0.050697 3438530527978334453760.000000
3X3 3840 384 355.645670 0.095502 3438532928800160219136.000000
3X3 3840 384 357.845933 0.094915 3438533856276088619008.000000
3X3 3840 384 351.779125 0.096552 3438534770961246322688.000000
3X3 3840 384 356.647264 0.095234 3438535709515842060288.000000
3X3 3840 384 358.474780 0.094749 3438536626823643004928.000000
3X3 3840 768 358.415524 0.189529 3438539616755999309824.000000
3X3 3840 768 358.451485 0.189510 3438541147144818524160.000000
3X3 3840 768 359.149951 0.189141 3438542693327232303104.000000
3X3 3840 768 359.316205 0.189054 3438544211542623125504.000000
3X3 3840 768 359.847407 0.188775 3438545729620219527168.000000
3X3 4800 96 317.231405 0.041825 3438549125570710994944.000000
3X3 4800 96 315.659170 0.042034 3438549709605490917376.000000
3X3 4800 96 316.691582 0.041897 3438550286835791167488.000000
3X3 4800 96 320.180332 0.041440 3438550860853746335744.000000
3X3 4800 96 318.292582 0.041686 3438551432772566122496.000000
3X3 4800 192 342.834601 0.077403 3438554001914108837888.000000
3X3 4800 192 340.685322 0.077892 3438554830508083118080.000000
3X3 4800 192 344.702062 0.076984 3438555635398570147840.000000
3X3 4800 192 340.008441 0.078047 3438556440766069080064.000000
3X3 4800 192 346.332755 0.076622 3438557245760756776960.000000
3X3 4800 384 360.973438 0.147028 3438560229439967330304.000000
3X3 4800 384 357.181262 0.148589 3438561495736747819008.000000
3X3 4800 384 356.860467 0.148722 3438562753688519049216.000000
3X3 4800 384 356.649588 0.148810 3438564012579265445888.000000
3X3 4800 384 357.867763 0.148304 3438565272738594816000.000000
3X3 4800 768 364.177463 0.291468 3438569105232853729280.000000
3X3 4800 768 363.209727 0.292245 3438571285935149809664.000000
3X3 4800 768 362.050565 0.293181 3438573463340399984640.000000
3X3 4800 768 363.660857 0.291882 3438575647595771723776.000000
3X3 4800 768 361.376054 0.293728 3438577822869314600960.000000
4X3 960 96 212.704648 0.002493 3438583342160677961728.000000
4X3 960 96 209.731978 0.002528 3438583686895050424320.000000
4X3 960 96 151.849795 0.003492 3438584022647499653120.000000
4X3 960 96 191.902378 0.002763 3438584368001646067712.000000
4X3 960 96 208.203234 0.002547 3438584707088592142336.000000
4X3 960 192 253.804281 0.004179 3438585158768518496256.000000
4X3 960 192 214.771884 0.004938 3438585514919272120320.000000
4X3 960 192 293.866542 0.003609 3438585866835019169792.000000
4X3 960 192 223.862979 0.004738 3438586222437930631168.000000
4X3 960 192 277.728111 0.003819 3438586573434040877056.000000
4X3 960 384 308.102828 0.006885 3438587074144724058112.000000
4X3 960 384 337.219832 0.006290 3438587445689012191232.000000
4X3 960 384 282.687669 0.007504 3438587806506793041920.000000
4X3 960 384 343.339895 0.006178 3438588180995970695168.000000
4X3 960 384 292.508812 0.007252 3438588544347306196992.000000
4X3 960 768 326.379022 0.012998 3438589152149171601408.000000
4X3 960 768 345.595439 0.012275 3438589561627722383360.000000
4X3 960 768 341.629344 0.012418 3438589960031702089728.000000
4X3 960 768 336.444154 0.012609 3438590359263477497856.000000
4X3 960 768 341.338030 0.012428 3438590758922811342848.000000
4X3 1920 96 274.610637 0.007728 3438591504058151862272.000000
4X3 1920 96 293.850524 0.007222 3438591873207762944000.000000
4X3 1920 96 281.323484 0.007544 3438592233703838056448.000000
4X3 1920 96 300.717493 0.007057 3438592608723121733632.000000
4X3 1920 96 300.177054 0.007070 3438592978780370763776.000000
4X3 1920 192 325.106281 0.013056 3438593734377292693504.000000
4X3 1920 192 307.967199 0.013782 3438594141327479799808.000000
4X3 1920 192 321.712599 0.013194 3438594549290218029056.000000
4X3 1920 192 342.037894 0.012410 3438594949277296361472.000000
4X3 1920 192 328.493775 0.012921 3438595342606914813952.000000
4X3 1920 384 344.936561 0.024610 3438596219366890536960.000000
4X3 1920 384 353.698246 0.024001 3438596697768985624576.000000
4X3 1920 384 353.317574 0.024027 3438597165877504770048.000000
4X3 1920 384 349.304420 0.024303 3438597633605079400448.000000
4X3 1920 384 354.062904 0.023976 3438598102793587261440.000000
4X3 1920 768 360.962892 0.047036 3438599205272060166144.000000
4X3 1920 768 354.625775 0.047876 3438599827523868033024.000000
4X3 1920 768 353.813452 0.047986 3438600450507709874176.000000
4X3 1920 768 354.897367 0.047839 3438601072729149931520.000000
4X3 1920 768 353.761538 0.047993 3438601694771812499456.000000
4X3 2880 96 303.017618 0.015761 3438603004821736783872.000000
4X3 2880 96 323.894727 0.014745 3438603424295463419904.000000
4X3 2880 96 317.449258 0.015045 3438603828311808278528.000000
4X3 2880 96 313.737994 0.015223 3438604234739102515200.000000
4X3 2880 96 319.828350 0.014933 3438604641715532857344.000000
4X3 2880 192 346.438507 0.027572 3438605822237358424064.000000
4X3 2880 192 341.672614 0.027956 3438606320821309276160.000000
4X3 2880 192 338.700045 0.028201 3438606811503109603328.000000
4X3 2880 192 339.743245 0.028115 3438607303159085793280.000000
4X3 2880 192 337.683216 0.028286 3438607793534695112704.000000
4X3 2880 384 355.796536 0.053693 3438609197479584858112.000000
4X3 2880 384 357.290086 0.053468 3438609859648326991872.000000
4X3 2880 384 358.313905 0.053315 3438610514909847879680.000000
4X3 2880 384 343.120377 0.055676 3438611166867665977344.000000
4X3 2880 384 352.012702 0.054270 3438611834276126130176.000000
4X3 2880 768 367.115816 0.104074 3438613608688650289152.000000
4X3 2880 768 368.952594 0.103556 3438614592389926879232.000000
4X3 2880 768 367.903919 0.103851 3438615565226562551808.000000
4X3 2880 768 367.711638 0.103906 3438616539457324580864.000000
4X3 2880 768 361.392707 0.105722 3438617514383495397376.000000
4X3 3840 96 304.419936 0.027893 3438620023123933659136.000000
4X3 3840 96 310.965396 0.027306 3438620520384004358144.000000
4X3 3840 96 310.998608 0.027303 3438621005583908601856.000000
4X3 3840 96 307.605874 0.027604 3438621487316391165952.000000
4X3 3840 96 305.846095 0.027763 3438621971051318345728.000000
4X3 3840 192 326.907285 0.051949 3438624070972869181440.000000
4X3 3840 192 339.669213 0.049997 3438624720670707154944.000000
4X3 3840 192 328.276639 0.051732 3438625347939949084672.000000
4X3 3840 192 334.665192 0.050745 3438625986525466198016.000000
4X3 3840 192 334.174580 0.050819 3438626618411393220608.000000
4X3 3840 384 358.961310 0.094620 3438629013143669964800.000000
4X3 3840 384 346.646085 0.097982 3438629933836960530432.000000
4X3 3840 384 350.749524 0.096836 3438630869902366867456.000000
4X3 3840 384 355.199718 0.095622 3438631812592214999040.000000
4X3 3840 384 356.963340 0.095150 3438632732038825246720.000000
4X3 3840 768 358.688909 0.189384 3438635711697478221824.000000
4X3 3840 768 356.605744 0.190491 3438637239549608067072.000000
4X3 3840 768 359.280394 0.189072 3438638791464619868160.000000
4X3 3840 768 358.946523 0.189248 3438640309039188148224.000000
4X3 3840 768 360.675892 0.188341 3438641827555388162048.000000
4X3 4800 96 317.016812 0.041854 3438645228815609495552.000000
4X3 4800 96 315.494261 0.042056 3438645808313070518272.000000
4X3 4800 96 320.043688 0.041458 3438646384462102790144.000000
4X3 4800 96 314.651330 0.042168 3438646955074983559168.000000
4X3 4800 96 315.351063 0.042075 3438647531152082468864.000000
4X3 4800 192 341.105145 0.077796 3438650109802281697280.000000
4X3 4800 192 344.205560 0.077095 3438650928532295254016.000000
4X3 4800 192 339.110744 0.078253 3438651727720860352512.000000
4X3 4800 192 345.313496 0.076848 3438652533292184109056.000000
4X3 4800 192 343.748569 0.077198 3438653331431528857600.000000
4X3 4800 384 355.989163 0.149086 3438656319130362183680.000000
4X3 4800 384 353.126590 0.150295 3438657599334432374784.000000
4X3 4800 384 357.454269 0.148475 3438658868113338007552.000000
4X3 4800 384 352.806853 0.150431 3438660125492443086848.000000
4X3 4800 384 357.255847 0.148558 3438661395522864021504.000000
4X3 4800 768 362.723194 0.292637 3438665313405989027840.000000
4X3 4800 768 361.572880 0.293568 3438667503281149837312.000000
4X3 4800 768 363.395336 0.292096 3438669710026870358016.000000
4X3 4800 768 361.517052 0.293613 3438671888162242953216.000000
4X3 4800 768 356.849508 0.297454 3438674073389383548928.000000
6X3 960 96 165.052103 0.003213 3438680292924235710464.000000
6X3 960 96 151.294904 0.003505 3438680642333704192000.000000
6X3 960 96 204.234378 0.002596 3438680987123880820736.000000
6X3 960 96 207.418992 0.002557 3438681325093796708352.000000
6X3 960 96 178.559967 0.002970 3438681663242675683328.000000
6X3 960 192 292.817798 0.003622 3438682126392630968320.000000
6X3 960 192 274.419777 0.003865 3438682482138308673536.000000
6X3 960 192 278.647801 0.003806 3438682826383251472384.000000
6X3 960 192 219.809400 0.004825 3438683171744820756480.000000
6X3 960 192 220.923683 0.004801 3438683523096997003264.000000
6X3 960 384 319.746416 0.006634 3438684030767505342464.000000
6X3 960 384 303.987632 0.006978 3438684402335498633216.000000
6X3 960 384 331.256956 0.006403 3438684776757726281728.000000
6X3 960 384 323.628130 0.006554 3438685140014397915136.000000
6X3 960 384 303.332085 0.006993 3438685501593197477888.000000
6X3 960 768 329.973746 0.012857 3438686110306133344256.000000
6X3 960 768 344.568277 0.012312 3438686518941344333824.000000
6X3 960 768 339.826504 0.012484 3438686917489964613632.000000
6X3 960 768 347.822942 0.012197 3438687318768428253184.000000
6X3 960 768 347.234536 0.012217 3438687718067785433088.000000
6X3 1920 96 273.061045 0.007772 3438688461636723802112.000000
6X3 1920 96 302.676674 0.007012 3438688852412183609344.000000
6X3 1920 96 262.732544 0.008078 3438689214390714499072.000000
6X3 1920 96 297.842936 0.007125 3438689589821185720320.000000
6X3 1920 96 301.974715 0.007028 3438689950791810678784.000000
6X3 1920 192 331.687858 0.012797 3438690710245980241920.000000
6X3 1920 192 328.946826 0.012903 3438691116100468867072.000000
6X3 1920 192 327.210299 0.012972 3438691515958273507328.000000
6X3 1920 192 324.557687 0.013078 3438691914993645387776.000000
6X3 1920 192 323.748357 0.013111 3438692313025138393088.000000
6X3 1920 384 355.675618 0.023867 3438693192575179816960.000000
6X3 1920 384 344.632657 0.024632 3438693671557479792640.000000
6X3 1920 384 351.602327 0.024144 3438694143943095877632.000000
6X3 1920 384 351.194997 0.024172 3438694613806443659264.000000
6X3 1920 384 352.105389 0.024109 3438695110276922474496.000000
6X3 1920 768 364.741473 0.046548 3438696212414535303168.000000
6X3 1920 768 354.010495 0.047959 3438696836641708310528.000000
6X3 1920 768 361.715330 0.046938 3438697460799767052288.000000
6X3 1920 768 363.151155 0.046752 3438698076356152393728.000000
6X3 1920 768 363.845083 0.046663 3438698689929260564480.000000
6X3 2880 96 300.150896 0.015912 3438700001143787356160.000000
6X3 2880 96 313.138505 0.015252 3438700421104777297920.000000
6X3 2880 96 296.928053 0.016084 3438700829867752554496.000000
6X3 2880 96 319.352126 0.014955 3438701254613785903104.000000
6X3 2880 96 326.745213 0.014617 3438701679268695900160.000000
6X3 2880 192 345.646935 0.027635 3438702849419216158720.000000
6X3 2880 192 343.346787 0.027820 3438703347493834326016.000000
6X3 2880 192 339.573910 0.028129 3438703837625432145920.000000
6X3 2880 192 337.647800 0.028289 3438704328326048120832.000000
6X3 2880 192 345.320304 0.027661 3438704820135948976128.000000
6X3 2880 384 362.478041 0.052703 3438706200188047851520.000000
6X3 2880 384 355.819286 0.053689 3438706858005683503104.000000
6X3 2880 384 352.860649 0.054139 3438707512831878103040.000000
6X3 2880 384 348.797907 0.054770 3438708186175446712320.000000
6X3 2880 384 358.762956 0.053249 3438708849498387382272.000000
6X3 2880 768 371.604088 0.102817 3438710607230017208320.000000
6X3 2880 768 368.565355 0.103665 3438711586640301654016.000000
6X3 2880 768 367.488561 0.103969 3438712561047456710656.000000
6X3 2880 768 362.313349 0.105454 3438713537681682857984.000000
6X3 2880 768 363.572852 0.105088 3438714524359286849536.000000
6X3 3840 96 305.701762 0.027776 3438717036528566534144.000000
6X3 3840 96 297.172617 0.028573 3438717531069753065472.000000
6X3 3840 96 309.898822 0.027400 3438718030543909289984.000000
6X3 3840 96 310.858385 0.027316 3438718512785742364672.000000
6X3 3840 96 309.273662 0.027455 3438718995329263337472.000000
6X3 3840 192 341.279137 0.049761 3438721157852988702720.000000
6X3 3840 192 334.628362 0.050750 3438721803005897736192.000000
6X3 3840 192 338.041532 0.050238 3438722441881666977792.000000
6X3 3840 192 320.805533 0.052937 3438723070498148188160.000000
6X3 3840 192 341.057469 0.049794 3438723716448151142400.000000
6X3 3840 384 354.301976 0.095865 3438726135403338268672.000000
6X3 3840 384 355.615639 0.095510 3438727082888917417984.000000
6X3 3840 384 350.009418 0.097040 3438728009168959569920.000000
6X3 3840 384 350.869189 0.096803 3438728949920286375936.000000
6X3 3840 384 351.408602 0.096654 3438729886606267777024.000000
6X3 3840 768 356.677115 0.190452 3438732889843160317952.000000
6X3 3840 768 363.588149 0.186832 3438734423408568172544.000000
6X3 3840 768 357.895679 0.189804 3438735927017455222784.000000
6X3 3840 768 361.551174 0.187885 3438737449298643910656.000000
6X3 3840 768 358.544238 0.189461 3438738975507449118720.000000
6X3 4800 96 326.859537 0.040593 3438742388482891579392.000000
6X3 4800 96 320.651227 0.041379 3438742970278132318208.000000
6X3 4800 96 311.814092 0.042552 3438743546480913547264.000000
6X3 4800 96 319.715472 0.041500 3438744127689389506560.000000
6X3 4800 96 314.600956 0.042175 3438744701769104752640.000000
6X3 4800 192 339.580313 0.078145 3438747284261173198848.000000
6X3 4800 192 347.456128 0.076374 3438748105003256774656.000000
6X3 4800 192 345.716911 0.076758 3438748922829482754048.000000
6X3 4800 192 335.645597 0.079061 3438749729172111228928.000000
6X3 4800 192 342.417171 0.077498 3438750556023730733056.000000
6X3 4800 384 351.548606 0.150969 3438753578451822706688.000000
6X3 4800 384 353.743150 0.150033 3438754866836962541568.000000
6X3 4800 384 357.528030 0.148445 3438756153160672739328.000000
6X3 4800 384 353.440168 0.150161 3438757429653549350912.000000
6X3 4800 384 356.619409 0.148823 3438758717031225753600.000000
6X3 4800 768 364.261533 0.291401 3438762575223288496128.000000
6X3 4800 768 362.034896 0.293193 3438764767823697805312.000000
6X3 4800 768 364.298723 0.291371 3438766971542503424000.000000
6X3 4800 768 363.143623 0.292298 3438769153011196362752.000000
6X3 4800 768 366.065704 0.289965 3438771351902486003712.000000
7X3 960 96 185.123101 0.002865 3438778130302075666432.000000
7X3 960 96 242.343548 0.002188 3438778491464234565632.000000
7X3 960 96 175.720331 0.003018 3438778830595801743360.000000
7X3 960 96 155.573783 0.003409 3438779181620910358528.000000
7X3 960 96 227.815302 0.002328 3438779526862218461184.000000
7X3 960 192 275.836860 0.003845 3438779981863021182976.000000
7X3 960 192 278.012329 0.003815 3438780337379514777600.000000
7X3 960 192 222.842047 0.004759 3438780682395107983360.000000
7X3 960 192 221.413864 0.004790 3438781033709598408704.000000
7X3 960 192 250.078822 0.004241 3438781387058593136640.000000
7X3 960 384 298.508924 0.007106 3438781903725624033280.000000
7X3 960 384 307.438567 0.006899 3438782288855698505728.000000
7X3 960 384 302.638680 0.007009 3438782665996256149504.000000
7X3 960 384 275.329659 0.007704 3438783032742373752832.000000
7X3 960 384 309.143114 0.006861 3438783401216686686208.000000
7X3 960 768 320.319227 0.013244 3438784007041423769600.000000
7X3 960 768 339.969014 0.012479 3438784421216584204288.000000
7X3 960 768 349.766787 0.012129 3438784842770957729792.000000
7X3 960 768 294.877418 0.014387 3438785242775762239488.000000
7X3 960 768 320.344189 0.013243 3438785657296228188160.000000
7X3 1920 96 269.038574 0.007888 3438786419728471556096.000000
7X3 1920 96 294.013729 0.007218 3438786794404741906432.000000
7X3 1920 96 282.562756 0.007511 3438787156895256805376.000000
7X3 1920 96 259.024875 0.008193 3438787522222758035456.000000
7X3 1920 96 257.217256 0.008251 3438787890980309172224.000000
7X3 1920 192 313.848125 0.013524 3438788654814241751040.000000
7X3 1920 192 303.445562 0.013988 3438789065514553966592.000000
7X3 1920 192 335.257719 0.012660 3438789471250468569088.000000
7X3 1920 192 310.942914 0.013650 3438789872014231863296.000000
7X3 1920 192 323.324181 0.013128 3438790277319440728064.000000
7X3 1920 384 354.462486 0.023949 3438791166497110622208.000000
7X3 1920 384 348.737204 0.024342 3438791650694022037504.000000
7X3 1920 384 355.032680 0.023911 3438792124247718756352.000000
7X3 1920 384 346.462178 0.024502 3438792593532655763456.000000
7X3 1920 384 356.062436 0.023841 3438793067982129987584.000000
7X3 1920 768 367.698320 0.046174 3438794172843745083392.000000
7X3 1920 768 356.725023 0.047594 3438794793549653082112.000000
7X3 1920 768 365.491398 0.046453 3438795416267252563968.000000
7X3 1920 768 359.961578 0.047166 3438796030427799748608.000000
7X3 1920 768 353.739728 0.047996 3438796648815792226304.000000
7X3 2880 96 311.781096 0.015318 3438797975230351933440.000000
7X3 2880 96 310.524093 0.015380 3438798392748513165312.000000
7X3 2880 96 297.055375 0.016078 3438798803383001546752.000000
7X3 2880 96 314.320481 0.015194 3438799224628663287808.000000
7X3 2880 96 309.686319 0.015422 3438799633790728142848.000000
7X3 2880 192 337.597511 0.028294 3438800813674491543552.000000
7X3 2880 192 331.026253 0.028855 3438801315653499224064.000000
7X3 2880 192 336.312634 0.028402 3438801820113787944960.000000
7X3 2880 192 339.642360 0.028123 3438802312466902548480.000000
7X3 2880 192 334.227540 0.028579 3438802803802781515776.000000
7X3 2880 384 359.565018 0.053130 3438804193499404042240.000000
7X3 2880 384 355.137174 0.053792 3438804853409956495360.000000
7X3 2880 384 356.077398 0.053650 3438805508563984711680.000000
7X3 2880 384 343.749590 0.055574 3438806163710011768832.000000
7X3 2880 384 356.995407 0.053512 3438806830168685412352.000000
7X3 2880 768 364.519708 0.104816 3438808603996706045952.000000
7X3 2880 768 361.556508 0.105675 3438809595493662326784.000000
7X3 2880 768 363.088471 0.105229 3438810584201074573312.000000
7X3 2880 768 361.107137 0.105806 3438811570549262647296.000000
7X3 2880 768 365.377140 0.104570 3438812558883638214656.000000
7X3 3840 96 304.800887 0.027858 3438815070320433561600.000000
7X3 3840 96 296.838157 0.028606 3438815566676857716736.000000
7X3 3840 96 297.668675 0.028526 3438816060187384741888.000000
7X3 3840 96 298.885125 0.028410 3438816552864525582336.000000
7X3 3840 96 291.136463 0.029166 3438817047097634717696.000000
7X3 3840 192 326.848470 0.051958 3438819166548331069440.000000
7X3 3840 192 327.267570 0.051892 3438819814008363679744.000000
7X3 3840 192 331.620789 0.051211 3438820454209721729024.000000
7X3 3840 192 326.437319 0.052024 3438821089534668177408.000000
7X3 3840 192 331.223028 0.051272 3438821730843986231296.000000
7X3 3840 384 351.836394 0.096536 3438824147720172208128.000000
7X3 3840 384 359.606693 0.094450 3438825081084893462528.000000
7X3 3840 384 352.974698 0.096225 3438826007151451832320.000000
7X3 3840 384 352.698536 0.096300 3438826934279149191168.000000
7X3 3840 384 355.711149 0.095485 3438827860744812888064.000000
7X3 3840 768 360.828334 0.188261 3438830876958651318272.000000
7X3 3840 768 362.875230 0.187199 3438832401882248380416.000000
7X3 3840 768 362.189894 0.187554 3438833909423326363648.000000
7X3 3840 768 361.587857 0.187866 3438835416958635081728.000000
7X3 3840 768 361.743052 0.187785 3438836946317069516800.000000
7X3 4800 96 317.363183 0.041808 3438840324767491293184.000000
7X3 4800 96 298.305515 0.044479 3438840899327872204800.000000
7X3 4800 96 315.390140 0.042069 3438841482979229302784.000000
7X3 4800 96 307.935549 0.043088 3438842051356448522240.000000
7X3 4800 96 318.898789 0.041607 3438842643893686108160.000000
7X3 4800 192 338.652533 0.078359 3438845224616878669824.000000
7X3 4800 192 335.061664 0.079199 3438846047086750203904.000000
7X3 4800 192 337.069645 0.078727 3438846862389278146560.000000
7X3 4800 192 335.381093 0.079124 3438847675397210374144.000000
7X3 4800 192 337.422235 0.078645 3438848489844797603840.000000
7X3 4800 384 357.250534 0.148560 3438851527495541850112.000000
7X3 4800 384 354.431580 0.149741 3438852800120471683072.000000
7X3 4800 384 354.012471 0.149919 3438854070522144620544.000000
7X3 4800 384 357.029318 0.148652 3438855350982712229888.000000
7X3 4800 384 356.339771 0.148940 3438856617301997780992.000000
7X3 4800 768 367.167633 0.289095 3438860466253024198656.000000
7X3 4800 768 365.496750 0.290416 3438862642079309234176.000000
7X3 4800 768 366.488214 0.289631 3438864810259886637056.000000
7X3 4800 768 363.511327 0.292002 3438866971717724536832.000000
7X3 4800 768 364.645694 0.291094 3438869148240238346240.000000
1X3 960 96 164.978006 0.003214 3445563393390747844608.000000
1X3 960 96 208.585850 0.002542 3445563745972305526784.000000
1X3 960 96 177.535871 0.002987 3445564082954279845888.000000
1X3 960 96 208.973745 0.002538 3445564435838875992064.000000
1X3 960 96 201.166983 0.002636 3445564774272242024448.000000
1X3 960 192 257.734580 0.004115 3445565227074956820480.000000
1X3 960 192 238.762873 0.004442 3445565583787292622848.000000
1X3 960 192 217.373370 0.004879 3445565934103561764864.000000
1X3 960 192 257.043591 0.004126 3445566288974648442880.000000
1X3 960 192 283.228760 0.003745 3445566656779327635456.000000
1X3 960 384 290.284957 0.007307 3445567158813318971392.000000
1X3 960 384 312.264208 0.006793 3445567535948019793920.000000
1X3 960 384 314.433780 0.006746 3445567903897044910080.000000
1X3 960 384 302.241132 0.007018 3445568281335560142848.000000
1X3 960 384 322.052141 0.006586 3445568664279112482816.000000
1X3 960 768 334.469631 0.012684 3445569270972694396928.000000
1X3 960 768 327.719869 0.012945 3445569683858126798848.000000
1X3 960 768 335.707258 0.012637 3445570106547507298304.000000
1X3 960 768 344.232766 0.012324 3445570512634893565952.000000
1X3 960 768 318.098423 0.013336 3445570911897413222400.000000
1X3 1920 96 257.958756 0.008227 3445571663538501451776.000000
1X3 1920 96 281.281947 0.007545 3445572039119603236864.000000
1X3 1920 96 271.033276 0.007830 3445572415976743370752.000000
1X3 1920 96 301.291487 0.007044 3445572784065870299136.000000
1X3 1920 96 299.455780 0.007087 3445573147522472869888.000000
1X3 1920 192 320.161962 0.013257 3445573910171702263808.000000
1X3 1920 192 326.756709 0.012990 3445574319727361130496.000000
1X3 1920 192 332.508402 0.012765 3445574719596616220672.000000
1X3 1920 192 325.703413 0.013032 3445575132511031787520.000000
1X3 1920 192 297.907175 0.014248 3445575533155690479616.000000
1X3 1920 384 349.588562 0.024283 3445576419653905285120.000000
1X3 1920 384 348.505971 0.024358 3445576903329228783616.000000
1X3 1920 384 346.937967 0.024468 3445577380045614743552.000000
1X3 1920 384 348.655261 0.024348 3445577855692585828352.000000
1X3 1920 384 346.612949 0.024491 3445578331370714300416.000000
1X3 1920 768 365.055825 0.046508 3445579438976180158464.000000
1X3 1920 768 361.546048 0.046960 3445580073368026611712.000000
1X3 1920 768 353.131937 0.048079 3445580695933078208512.000000
1X3 1920 768 361.965541 0.046905 3445581322122801184768.000000
1X3 1920 768 358.778264 0.047322 3445581947038109532160.000000
1X3 2880 96 283.497204 0.016846 3445583262133710225408.000000
1X3 2880 96 305.297395 0.015643 3445583689028461395968.000000
1X3 2880 96 318.065615 0.015016 3445584102721585676288.000000
1X3 2880 96 315.031740 0.015160 3445584510949296439296.000000
1X3 2880 96 316.325787 0.015098 3445584918466405597184.000000
1X3 2880 192 341.443061 0.027975 3445586098053977210880.000000
1X3 2880 192 338.189046 0.028244 3445586600817313972224.000000
1X3 2880 192 344.928075 0.027692 3445587095026364579840.000000
1X3 2880 192 338.011221 0.028259 3445587594574557085696.000000
1X3 2880 192 342.212372 0.027912 3445588103154556731392.000000
1X3 2880 384 352.639931 0.054173 3445589478038372352000.000000
1X3 2880 384 354.530787 0.053884 3445590149455248621568.000000
1X3 2880 384 346.329634 0.055160 3445590808254645010432.000000
1X3 2880 384 356.962647 0.053517 3445591474485107097600.000000
1X3 2880 384 354.032796 0.053960 3445592128915201064960.000000
1X3 2880 768 362.624511 0.105363 3445593903053227950080.000000
1X3 2880 768 363.309370 0.105165 3445594909488186392576.000000
1X3 2880 768 356.124295 0.107286 3445595900812239831040.000000
1X3 2880 768 361.463192 0.105702 3445596900536933154816.000000
1X3 2880 768 358.513966 0.106571 3445597889809350131712.000000
1X3 3840 96 291.109274 0.029169 3445600402474946002944.000000
1X3 3840 96 299.476187 0.028354 3445600926794458857472.000000
1X3 3840 96 306.247646 0.027727 3445601417191937802240.000000
1X3 3840 96 301.348053 0.028178 3445601904044190728192.000000
1X3 3840 96 303.946786 0.027937 3445602401834906943488.000000
1X3 3840 192 323.764941 0.052453 3445604511732642873344.000000
1X3 3840 192 327.793043 0.051809 3445605170597915000832.000000
1X3 3840 192 325.796876 0.052126 3445605818784231194624.000000
1X3 3840 192 315.228597 0.053874 3445606470822150537216.000000
1X3 3840 192 322.571842 0.052647 3445607133062783041536.000000
1X3 3840 384 328.788933 0.103303 3445609644361369255936.000000
1X3 3840 384 344.573206 0.098571 3445610639092047937536.000000
1X3 3840 384 350.853492 0.096807 3445611581560865685504.000000
1X3 3840 384 336.864547 0.100827 3445612513685113143296.000000
1X3 3840 384 341.196305 0.099547 3445613470175991955456.000000
1X3 3840 768 340.810467 0.199319 3445616501207395729408.000000
1X3 3840 768 316.607328 0.214556 3445618082552148918272.000000
1X3 3840 768 327.042815 0.207710 3445619763696410558464.000000
1X3 3840 768 340.734673 0.199363 3445621410523648622592.000000
1X3 3840 768 348.932609 0.194680 3445623000330834280448.000000
1X3 4800 96 312.929129 0.042400 3445626437613874839552.000000
1X3 4800 96 312.036959 0.042521 3445627023360835190784.000000
1X3 4800 96 317.568645 0.041781 3445627601111990927360.000000
1X3 4800 96 307.740139 0.043115 3445628175834358480896.000000
1X3 4800 96 305.451660 0.043438 3445628757319991951360.000000
1X3 4800 192 330.124067 0.080384 3445631380856078598144.000000
1X3 4800 192 338.856031 0.078312 3445632217793970044928.000000
1X3 4800 192 330.742583 0.080233 3445633037663059574784.000000
1X3 4800 192 332.359659 0.079843 3445633859194131054592.000000
1X3 4800 192 324.304199 0.081826 3445634677800484470784.000000
1X3 4800 384 340.237635 0.155988 3445637705356185436160.000000
1X3 4800 384 347.119775 0.152896 3445639020762098040832.000000
1X3 4800 384 341.636370 0.155350 3445640311150558052352.000000
1X3 4800 384 346.100781 0.153346 3445641613677450231808.000000
1X3 4800 384 341.651882 0.155343 3445642902486601170944.000000
1X3 4800 768 347.014484 0.305884 3445646808542091411456.000000
1X3 4800 768 349.245523 0.303930 3445649082047495405568.000000
1X3 4800 768 324.440536 0.327167 3445651344786666291200.000000
1X3 4800 768 347.302953 0.305630 3445653755926788177920.000000
1X3 4800 768 346.254948 0.306555 3445656037702507692032.000000
2X3 960 96 175.328112 0.003025 3445661365714029117440.000000
2X3 960 96 248.919381 0.002130 3445661718688796508160.000000
2X3 960 96 169.857276 0.003122 3445662056258769780736.000000
2X3 960 96 239.950262 0.002210 3445662408090757103616.000000
2X3 960 96 166.792366 0.003179 3445662747289358172160.000000
2X3 960 192 256.442024 0.004136 3445663205606251036672.000000
2X3 960 192 304.606206 0.003482 3445663562564383539200.000000
2X3 960 192 256.845948 0.004129 3445663908633242501120.000000
2X3 960 192 262.061688 0.004047 3445664260741281087488.000000
2X3 960 192 245.005821 0.004329 3445664628390743769088.000000
2X3 960 384 304.475603 0.006967 3445665135415294689280.000000
2X3 960 384 341.590310 0.006210 3445665508390647889920.000000
2X3 960 384 276.629240 0.007668 3445665870509036797952.000000
2X3 960 384 340.406166 0.006231 3445666251267026976768.000000
2X3 960 384 314.195175 0.006751 3445666614651379515392.000000
2X3 960 768 342.388849 0.012390 3445667222654780702720.000000
2X3 960 768 343.205596 0.012361 3445667632265293725696.000000
2X3 960 768 331.494161 0.012798 3445668037243519893504.000000
2X3 960 768 327.021486 0.012973 3445668445114340999168.000000
2X3 960 768 322.807874 0.013142 3445668851852337217536.000000
2X3 1920 96 274.907733 0.007720 3445669605951172247552.000000
2X3 1920 96 294.020164 0.007218 3445669990205394255872.000000
2X3 1920 96 278.498278 0.007620 3445670356926509088768.000000
2X3 1920 96 301.456555 0.007040 3445670725438541398016.000000
2X3 1920 96 276.710135 0.007670 3445671103288428724224.000000
2X3 1920 192 319.772107 0.013274 3445671870680909479936.000000
2X3 1920 192 322.786440 0.013150 3445672281646514044928.000000
2X3 1920 192 310.721410 0.013660 3445672688413168369664.000000
2X3 1920 192 326.487473 0.013001 3445673095325821173760.000000
2X3 1920 192 322.443218 0.013164 3445673495825473863680.000000
2X3 1920 384 348.589919 0.024353 3445674383255253549056.000000
2X3 1920 384 346.348076 0.024510 3445674865894737051648.000000
2X3 1920 384 345.514631 0.024569 3445675340887571300352.000000
2X3 1920 384 345.857064 0.024545 3445675816953224101888.000000
2X3 1920 384 344.061088 0.024673 3445676293081148686336.000000
2X3 1920 768 363.019317 0.046769 3445677418792964063232.000000
2X3 1920 768 364.174724 0.046621 3445678048108690800640.000000
2X3 1920 768 364.019358 0.046641 3445678664469024604160.000000
2X3 1920 768 356.277632 0.047654 3445679279119169224704.000000
2X3 1920 768 365.665908 0.046431 3445679902469736890368.000000
2X3 2880 96 315.243343 0.015150 3445681218449215324160.000000
2X3 2880 96 313.225788 0.015248 3445681633876217167872.000000
2X3 2880 96 315.625741 0.015132 3445682043662749925376.000000
2X3 2880 96 313.948811 0.015212 3445682451539234390016.000000
2X3 2880 96 310.441539 0.015384 3445682872323533176832.000000
2X3 2880 192 336.272414 0.028405 3445684087170090926080.000000
2X3 2880 192 327.814658 0.029138 3445684589042942869504.000000
2X3 2880 192 322.813295 0.029589 3445685089629073571840.000000
2X3 2880 192 346.070265 0.027601 3445685591858826706944.000000
2X3 2880 192 327.065003 0.029205 3445686079947314036736.000000
2X3 2880 384 360.620981 0.052974 3445687477185862434816.000000
2X3 2880 384 353.818611 0.053993 3445688137091961585664.000000
2X3 2880 384 353.688004 0.054013 3445688795700101382144.000000
2X3 2880 384 349.350208 0.054683 3445689454093630701568.000000
2X3 2880 384 353.247079 0.054080 3445690117664404930560.000000
2X3 2880 768 364.124403 0.104929 3445691915695158198272.000000
2X3 2880 768 363.755646 0.105036 3445692922262115057664.000000
2X3 2880 768 363.277621 0.105174 3445693909371915337728.000000
2X3 2880 768 361.746099 0.105619 3445694902971098726400.000000
2X3 2880 768 364.244494 0.104895 3445695911824820011008.000000
2X3 3840 96 300.546832 0.028253 3445698431746928279552.000000
2X3 3840 96 305.907214 0.027758 3445698930546833358848.000000
2X3 3840 96 299.902342 0.028313 3445699417796370235392.000000
2X3 3840 96 309.287687 0.027454 3445699907520166363136.000000
2X3 3840 96 296.700540 0.028619 3445700392390593871872.000000
2X3 3840 192 314.926085 0.053925 3445702496515147694080.000000
2X3 3840 192 339.236885 0.050061 3445703158261156413440.000000
2X3 3840 192 340.126913 0.049930 3445703787683754541056.000000
2X3 3840 192 338.154581 0.050221 3445704415031512268800.000000
2X3 3840 192 338.499523 0.050170 3445705044700665217024.000000
2X3 3840 384 357.424379 0.095027 3445707446341768052736.000000
2X3 3840 384 346.624357 0.097988 3445708369829857067008.000000
2X3 3840 384 353.489461 0.096085 3445709306050020114432.000000
2X3 3840 384 353.038397 0.096208 3445710236225110016000.000000
2X3 3840 384 350.410648 0.096929 3445711175509670363136.000000
2X3 3840 768 348.919341 0.194687 3445714194160418816000.000000
2X3 3840 768 352.452543 0.192735 3445715756261121196032.000000
2X3 3840 768 351.200452 0.193422 3445717303059066388480.000000
2X3 3840 768 353.824085 0.191988 3445718862398588190720.000000
2X3 3840 768 353.928054 0.191932 3445720402178867724288.000000
2X3 4800 96 323.675338 0.040993 3445723854443928092672.000000
2X3 4800 96 318.217047 0.041696 3445724432821007155200.000000
2X3 4800 96 316.178884 0.041964 3445725005676690800640.000000
2X3 4800 96 316.870807 0.041873 3445725579700867170304.000000
2X3 4800 96 317.242137 0.041824 3445726153763967729664.000000
2X3 4800 192 342.561781 0.077465 3445728756253054205952.000000
2X3 4800 192 345.200491 0.076873 3445729566336769589248.000000
2X3 4800 192 336.973113 0.078750 3445730364562610323456.000000
2X3 4800 192 341.125496 0.077791 3445731174535857700864.000000
2X3 4800 192 343.150938 0.077332 3445731979265229455360.000000
2X3 4800 384 354.217419 0.149832 3445735006349779533824.000000
2X3 4800 384 355.754497 0.149185 3445736276379292925952.000000
2X3 4800 384 354.049088 0.149903 3445737536146844418048.000000
2X3 4800 384 351.279679 0.151085 3445738801283384475648.000000
2X3 4800 384 350.606682 0.151375 3445740073810708660224.000000
2X3 4800 768 360.194287 0.294692 3445743933661410492416.000000
2X3 4800 768 357.737709 0.296715 3445746135681925120000.000000
2X3 4800 768 356.719539 0.297562 3445748340156698460160.000000
2X3 4800 768 359.911511 0.294923 3445750550844002009088.000000
2X3 4800 768 355.503514 0.298580 3445752743828655702016.000000
3X3 960 96 211.019001 0.002513 3445758147651053813760.000000
3X3 960 96 166.271534 0.003189 3445758492112009035776.000000
3X3 960 96 162.601384 0.003261 3445758835715914334208.000000
3X3 960 96 157.309980 0.003371 3445759181239878156288.000000
3X3 960 96 159.709523 0.003320 3445759526973343793152.000000
3X3 960 192 267.666407 0.003962 3445759988055051599872.000000
3X3 960 192 287.534565 0.003689 3445760344291372171264.000000
3X3 960 192 301.056098 0.003523 3445760705350995017728.000000
3X3 960 192 214.497450 0.004944 3445761059124411367424.000000
3X3 960 192 233.476604 0.004543 3445761417504777306112.000000
3X3 960 384 293.403800 0.007229 3445761926073698746368.000000
3X3 960 384 312.746577 0.006782 3445762303729814994944.000000
3X3 960 384 309.195297 0.006860 3445762671266827337728.000000
3X3 960 384 318.184336 0.006666 3445763042228900986880.000000
3X3 960 384 302.361420 0.007015 3445763409361823072256.000000
3X3 960 768 333.138228 0.012734 3445764018151289782272.000000
3X3 960 768 338.640020 0.012527 3445764429706629742592.000000
3X3 960 768 361.511150 0.011735 3445764843558948306944.000000
3X3 960 768 337.057442 0.012586 3445765244197315543040.000000
3X3 960 768 329.480800 0.012876 3445765648635849605120.000000
3X3 1920 96 276.338663 0.007680 3445766401396247101440.000000
3X3 1920 96 293.313262 0.007235 3445766775595824840704.000000
3X3 1920 96 300.761388 0.007056 3445767163174141296640.000000
3X3 1920 96 282.829214 0.007504 3445767530292184612864.000000
3X3 1920 96 293.764822 0.007224 3445767898239569756160.000000
3X3 1920 192 312.784612 0.013570 3445768667191288266752.000000
3X3 1920 192 322.768865 0.013150 3445769079293724327936.000000
3X3 1920 192 333.135023 0.012741 3445769484689673289728.000000
3X3 1920 192 324.088450 0.013097 3445769886514157715456.000000
3X3 1920 192 335.254859 0.012661 3445770286922726899712.000000
3X3 1920 384 349.736923 0.024273 3445771164029154230272.000000
3X3 1920 384 356.254793 0.023829 3445771644815875768320.000000
3X3 1920 384 343.220032 0.024734 3445772116872179744768.000000
3X3 1920 384 352.746963 0.024066 3445772598392065097728.000000
3X3 1920 384 352.796455 0.024062 3445773069191951155200.000000
3X3 1920 768 364.788462 0.046542 3445774188535882973184.000000
3X3 1920 768 355.578579 0.047748 3445774815670724198400.000000
3X3 1920 768 355.311439 0.047784 3445775431817471459328.000000
3X3 1920 768 365.337659 0.046472 3445776046347975655424.000000
3X3 1920 768 360.899008 0.047044 3445776670746472349696.000000
3X3 2880 96 311.519791 0.015331 3445777997971199623168.000000
3X3 2880 96 327.034175 0.014604 3445778417880714444800.000000
3X3 2880 96 324.462685 0.014719 3445778825870076542976.000000
3X3 2880 96 314.883273 0.015167 3445779233005007536128.000000
3X3 2880 96 313.595788 0.015230 3445779641068096585728.000000
3X3 2880 192 339.883599 0.028103 3445780851484242477056.000000
3X3 2880 192 341.262395 0.027990 3445781361178638811136.000000
3X3 2880 192 340.600729 0.028044 3445781854135606312960.000000
3X3 2880 192 338.772830 0.028195 3445782345748780679168.000000
3X3 2880 192 324.844999 0.029404 3445782837788487974912.000000
3X3 2880 384 352.191764 0.054242 3445784227999406096384.000000
3X3 2880 384 357.440006 0.053446 3445784903111385022464.000000
3X3 2880 384 350.820998 0.054454 3445785559361151041536.000000
3X3 2880 384 360.373217 0.053011 3445786221274001833984.000000
3X3 2880 384 358.263991 0.053323 3445786872423524073472.000000
3X3 2880 768 362.090842 0.105519 3445788648773771591680.000000
3X3 2880 768 368.892798 0.103573 3445789657023044911104.000000
3X3 2880 768 365.546329 0.104521 3445790631824705716224.000000
3X3 2880 768 361.514672 0.105687 3445791613131326750720.000000
3X3 2880 768 364.400412 0.104850 3445792603418955087872.000000
3X3 3840 96 307.063803 0.027653 3445795263966718984192.000000
3X3 3840 96 314.330164 0.027014 3445795755784582725632.000000
3X3 3840 96 309.719954 0.027416 3445796237188053598208.000000
3X3 3840 96 295.759799 0.028710 3445796721291556290560.000000
3X3 3840 96 302.663561 0.028055 3445797213476069310464.000000
3X3 3840 192 342.438884 0.049593 3445799367933393633280.000000
3X3 3840 192 341.179988 0.049776 3445800010164953153536.000000
3X3 3840 192 339.081605 0.050084 3445800649288856895488.000000
3X3 3840 192 339.831988 0.049973 3445801278347699290112.000000
3X3 3840 192 330.698757 0.051353 3445801908412417572864.000000
3X3 3840 384 348.941309 0.097337 3445804335754709041152.000000
3X3 3840 384 355.073139 0.095656 3445805282107331706880.000000
3X3 3840 384 348.739204 0.097394 3445806215998793056256.000000
3X3 3840 384 352.111562 0.096461 3445807146704187162624.000000
3X3 3840 384 348.211491 0.097541 3445808072740492017664.000000
3X3 3840 768 352.003852 0.192981 3445811078844860858368.000000
3X3 3840 768 357.802087 0.189854 3445812629205980020736.000000
3X3 3840 768 360.147308 0.188617 3445814152771236003840.000000
3X3 3840 768 355.945471 0.190844 3445815669067070570496.000000
3X3 3840 768 357.069003 0.190243 3445817198323638992896.000000
3X3 4800 96 313.199573 0.042364 3445820603087241347072.000000
3X3 4800 96 320.757735 0.041365 3445821186359810850816.000000
3X3 4800 96 316.253636 0.041955 3445821759388430368768.000000
3X3 4800 96 322.614663 0.041127 3445822333087043813376.000000
3X3 4800 96 316.454357 0.041928 3445822902008141578240.000000
3X3 4800 192 341.477574 0.077711 3445825513679371108352.000000
3X3 4800 192 348.541752 0.076136 3445826326324873003008.000000
3X3 4800 192 338.271383 0.078448 3445827120731010367488.000000
3X3 4800 192 331.764321 0.079986 3445827929671295041536.000000
3X3 4800 192 343.675927 0.077214 3445828747134704287744.000000
3X3 4800 384 350.614362 0.151372 3445831756332691095552.000000
3X3 4800 384 355.345007 0.149357 3445833047341502824448.000000
3X3 4800 384 360.150712 0.147364 3445834312949464825856.000000
3X3 4800 384 353.104505 0.150304 3445835562690695659520.000000
3X3 4800 384 350.046586 0.151617 3445836830175438831616.000000
3X3 4800 768 363.998014 0.291612 3445840692601120358400.000000
3X3 4800 768 359.160951 0.295539 3445842872613850316800.000000
3X3 4800 768 362.011561 0.293212 3445845071250175557632.000000
3X3 4800 768 360.921296 0.294098 3445847253575358480384.000000
3X3 4800 768 362.267874 0.293005 3445849449782634872832.000000
4X3 960 96 178.186651 0.002976 3445854996850825756672.000000
4X3 960 96 185.122519 0.002865 3445855350121148973056.000000
4X3 960 96 168.621819 0.003145 3445855693815211360256.000000
4X3 960 96 223.554093 0.002372 3445856039425942224896.000000
4X3 960 96 174.488768 0.003039 3445856379696868491264.000000
4X3 960 192 271.046562 0.003913 3445856855291864285184.000000
4X3 960 192 245.697771 0.004317 3445857211610791149568.000000
4X3 960 192 220.202526 0.004816 3445857561547873714176.000000
4X3 960 192 289.946884 0.003658 3445857914725745033216.000000
4X3 960 192 252.778702 0.004196 3445858262917688328192.000000
4X3 960 384 298.759760 0.007100 3445858768104358150144.000000
4X3 960 384 317.386257 0.006683 3445859147581173006336.000000
4X3 960 384 325.780201 0.006511 3445859515345629872128.000000
4X3 960 384 308.365302 0.006879 3445859884544820772864.000000
4X3 960 384 299.267724 0.007088 3445860252941908705280.000000
4X3 960 768 329.624675 0.012870 3445860866402903130112.000000
4X3 960 768 329.966560 0.012857 3445861279594779246592.000000
4X3 960 768 326.729125 0.012984 3445861685391048835072.000000
4X3 960 768 356.935926 0.011885 3445862092395378638848.000000
4X3 960 768 298.777413 0.014199 3445862493990911213568.000000
4X3 1920 96 254.803725 0.008329 3445863253464550735872.000000
4X3 1920 96 285.566798 0.007432 3445863628062854217728.000000
4X3 1920 96 258.398784 0.008213 3445863994996115898368.000000
4X3 1920 96 297.369594 0.007137 3445864372450272739328.000000
4X3 1920 96 272.493592 0.007788 3445864735307893047296.000000
4X3 1920 192 318.804112 0.013314 3445865505054356668416.000000
4X3 1920 192 321.113768 0.013218 3445865915946515824640.000000
4X3 1920 192 313.031852 0.013559 3445866320598226960384.000000
4X3 1920 192 334.868904 0.012675 3445866727243728289792.000000
4X3 1920 192 336.316172 0.012621 3445867127266109554688.000000
4X3 1920 384 341.239277 0.024877 3445868013606565576704.000000
4X3 1920 384 348.160332 0.024383 3445868498511411019776.000000
4X3 1920 384 350.701079 0.024206 3445868974141755359232.000000
4X3 1920 384 341.775012 0.024838 3445869456943216066560.000000
4X3 1920 384 344.784346 0.024621 3445869933694795382784.000000
4X3 1920 768 364.425800 0.046589 3445871044293465473024.000000
4X3 1920 768 362.526250 0.046833 3445871667120737615872.000000
4X3 1920 768 365.418956 0.046462 3445872285964897878016.000000
4X3 1920 768 363.743606 0.046676 3445872899537482285056.000000
4X3 1920 768 349.933200 0.048518 3445873513886513102848.000000
4X3 2880 96 283.821267 0.016827 3445874851506920882176.000000
4X3 2880 96 305.801522 0.015618 3445875279120172580864.000000
4X3 2880 96 303.164091 0.015754 3445875696842448044032.000000
4X3 2880 96 287.924525 0.016587 3445876121054645583872.000000
4X3 2880 96 316.251909 0.015102 3445876539746874818560.000000
4X3 2880 192 340.132957 0.028083 3445877723523200319488.000000
4X3 2880 192 345.686752 0.027631 3445878222723672965120.000000
4X3 2880 192 341.171232 0.027997 3445878715011701407744.000000
4X3 2880 192 337.072654 0.028338 3445879205382288048128.000000
4X3 2880 192 322.324851 0.029634 3445879697530657177600.000000
4X3 2880 384 357.929695 0.053373 3445881086104510136320.000000
4X3 2880 384 352.598484 0.054180 3445881741337423249408.000000
4X3 2880 384 359.023569 0.053210 3445882390411064901632.000000
4X3 2880 384 351.017695 0.054424 3445883033324177850368.000000
4X3 2880 384 342.965509 0.055701 3445883683841134034944.000000
4X3 2880 768 363.131044 0.105216 3445885464231348797440.000000
4X3 2880 768 365.789073 0.104452 3445886456334406123520.000000
4X3 2880 768 367.516360 0.103961 3445887436540249374720.000000
4X3 2880 768 369.577244 0.103381 3445888422038446538752.000000
4X3 2880 768 367.618310 0.103932 3445889416872131559424.000000
4X3 3840 96 307.258893 0.027636 3445891928579320578048.000000
4X3 3840 96 311.700422 0.027242 3445892421741535821824.000000
4X3 3840 96 306.517929 0.027702 3445892904850100846592.000000
4X3 3840 96 300.383609 0.028268 3445893390345916907520.000000
4X3 3840 96 301.683296 0.028146 3445893879575991549952.000000
4X3 3840 192 331.192611 0.051277 3445896002560832045056.000000
4X3 3840 192 337.711202 0.050287 3445896644385037615104.000000
4X3 3840 192 327.664327 0.051829 3445897275952513155072.000000
4X3 3840 192 335.821516 0.050570 3445897915852858589184.000000
4X3 3840 192 325.118025 0.052235 3445898548244761804800.000000
4X3 3840 384 350.087577 0.097019 3445900971386683785216.000000
4X3 3840 384 353.013699 0.096214 3445901920909919256576.000000
4X3 3840 384 350.092308 0.097017 3445902848943554822144.000000
4X3 3840 384 355.051463 0.095662 3445903779001889456128.000000
4X3 3840 384 355.637507 0.095505 3445904700883175735296.000000
4X3 3840 768 359.393090 0.189013 3445907727428175790080.000000
4X3 3840 768 356.002099 0.190814 3445909266829807714304.000000
4X3 3840 768 359.323856 0.189050 3445910797221512609792.000000
4X3 3840 768 358.293167 0.189593 3445912315701320744960.000000
4X3 3840 768 359.100466 0.189167 3445913838106153844736.000000
4X3 4800 96 318.944216 0.041601 3445917271853989101568.000000
4X3 4800 96 318.296141 0.041685 3445917853473046003712.000000
4X3 4800 96 320.016285 0.041461 3445918437078782705664.000000
4X3 4800 96 310.196374 0.042774 3445919009196021907456.000000
4X3 4800 96 316.441588 0.041930 3445919597371454914560.000000
4X3 4800 192 338.307949 0.078439 3445922175014467534848.000000
4X3 4800 192 346.657336 0.076550 3445922993192353923072.000000
4X3 4800 192 344.164588 0.077104 3445923789438943494144.000000
4X3 4800 192 340.837171 0.077857 3445924588896623525888.000000
4X3 4800 192 330.651082 0.080255 3445925393305596592128.000000
4X3 4800 384 355.985608 0.149088 3445928417097214328832.000000
4X3 4800 384 356.717144 0.148782 3445929688289860648960.000000
4X3 4800 384 356.413653 0.148909 3445930947484685697024.000000
4X3 4800 384 355.065807 0.149474 3445932208914145738752.000000
4X3 4800 384 357.333535 0.148525 3445933471832777162752.000000
4X3 4800 768 360.646168 0.294322 3445937357995961745408.000000
4X3 4800 768 362.494846 0.292821 3445939563498481647616.000000
4X3 4800 768 362.103546 0.293138 3445941770888771272704.000000
4X3 4800 768 363.790767 0.291778 3445943958579586793472.000000
4X3 4800 768 362.747254 0.292618 3445946132883714342912.000000
6X3 960 96 171.954739 0.003084 3445952350687411044352.000000
6X3 960 96 229.890597 0.002307 3445952714537119514624.000000
6X3 960 96 224.851304 0.002358 3445953052464014950400.000000
6X3 960 96 245.595075 0.002159 3445953397817239666688.000000
6X3 960 96 178.723898 0.002967 3445953744866674999296.000000
6X3 960 192 220.693228 0.004806 3445954203222772023296.000000
6X3 960 192 251.793773 0.004212 3445954566432169656320.000000
6X3 960 192 255.858017 0.004145 3445954919098226835456.000000
6X3 960 192 248.503122 0.004268 3445955281722828390400.000000
6X3 960 192 284.357580 0.003730 3445955633321056665600.000000
6X3 960 384 279.536022 0.007588 3445956134058676191232.000000
6X3 960 384 300.120897 0.007068 3445956512395726684160.000000
6X3 960 384 297.534523 0.007129 3445956879960209620992.000000
6X3 960 384 276.015896 0.007685 3445957248978333466624.000000
6X3 960 384 274.477161 0.007728 3445957624634974666752.000000
6X3 960 768 316.962072 0.013384 3445958240444600549376.000000
6X3 960 768 349.499698 0.012138 3445958667750856982528.000000
6X3 960 768 327.227748 0.012964 3445959082502517161984.000000
6X3 960 768 339.460606 0.012497 3445959488076492832768.000000
6X3 960 768 333.636309 0.012715 3445959889298534170624.000000
6X3 1920 96 256.297413 0.008280 3445960640412531032064.000000
6X3 1920 96 285.822247 0.007425 3445961016863456493568.000000
6X3 1920 96 272.501954 0.007788 3445961384386271641600.000000
6X3 1920 96 301.593300 0.007037 3445961752297321005056.000000
6X3 1920 96 284.186732 0.007468 3445962115427855761408.000000
6X3 1920 192 325.152181 0.013054 3445962894463464898560.000000
6X3 1920 192 323.791305 0.013109 3445963305238752919552.000000
6X3 1920 192 318.388844 0.013331 3445963709738887675904.000000
6X3 1920 192 328.928905 0.012904 3445964114798176108544.000000
6X3 1920 192 319.777455 0.013273 3445964515314105843712.000000
6X3 1920 384 354.579953 0.023941 3445965424251434434560.000000
6X3 1920 384 353.846517 0.023991 3445965904231000440832.000000
6X3 1920 384 347.064858 0.024460 3445966378546829459456.000000
6X3 1920 384 345.351481 0.024581 3445966853797289394176.000000
6X3 1920 384 349.953721 0.024258 3445967328001604976640.000000
6X3 1920 768 351.736406 0.048269 3445968429699770089472.000000
6X3 1920 768 365.831463 0.046410 3445969066512884432896.000000
6X3 1920 768 361.351605 0.046985 3445969681369628934144.000000
6X3 1920 768 358.578000 0.047348 3445970299315881508864.000000
6X3 1920 768 363.896319 0.046656 3445970920753630543872.000000
6X3 2880 96 315.733639 0.015126 3445972243686644776960.000000
6X3 2880 96 288.561147 0.016551 3445972660532981268480.000000
6X3 2880 96 296.619934 0.016101 3445973087281631199232.000000
6X3 2880 96 314.260956 0.015197 3445973508283260469248.000000
6X3 2880 96 292.054088 0.016353 3445973923135604916224.000000
6X3 2880 192 331.649653 0.028801 3445975126419416547328.000000
6X3 2880 192 342.935889 0.027853 3445975640085848653824.000000
6X3 2880 192 339.605119 0.028126 3445976132444121726976.000000
6X3 2880 192 339.579101 0.028128 3445976623711745212416.000000
6X3 2880 192 339.718498 0.028117 3445977115051126423552.000000
6X3 2880 384 359.185219 0.053186 3445978525896328347648.000000
6X3 2880 384 355.854256 0.053684 3445979186168519983104.000000
6X3 2880 384 362.456419 0.052706 3445979842915693232128.000000
6X3 2880 384 351.659958 0.054324 3445980503880588328960.000000
6X3 2880 384 358.329155 0.053313 3445981166848209059840.000000
6X3 2880 768 366.740201 0.104181 3445982933466904264704.000000
6X3 2880 768 361.357221 0.105733 3445983927440787374080.000000
6X3 2880 768 364.797887 0.104736 3445984916548334649344.000000
6X3 2880 768 364.390410 0.104853 3445985898264524226560.000000
6X3 2880 768 365.523650 0.104528 3445986879643359641600.000000
6X3 3840 96 308.767025 0.027501 3445989383390409785344.000000
6X3 3840 96 305.167921 0.027825 3445989876996431675392.000000
6X3 3840 96 304.395207 0.027895 3445990363131256242176.000000
6X3 3840 96 300.495183 0.028258 3445990856279654924288.000000
6X3 3840 96 311.409677 0.027267 3445991369024473137152.000000
6X3 3840 192 338.397828 0.050185 3445993625706281041920.000000
6X3 3840 192 332.883194 0.051016 3445994262589569761280.000000
6X3 3840 192 326.624044 0.051994 3445994902579118604288.000000
6X3 3840 192 330.121593 0.051443 3445995544967905280000.000000
6X3 3840 192 338.469649 0.050174 3445996187980603588608.000000
6X3 3840 384 353.293777 0.096138 3445998596502486253568.000000
6X3 3840 384 359.874187 0.094380 3445999526954459463680.000000
6X3 3840 384 353.277906 0.096142 3446000441587157958656.000000
6X3 3840 384 356.177211 0.095360 3446001364608198639616.000000
6X3 3840 384 354.096099 0.095920 3446002282749485383680.000000
6X3 3840 768 358.729333 0.189363 3446005317575661060096.000000
6X3 3840 768 360.820143 0.188266 3446006857665632272384.000000
6X3 3840 768 358.664911 0.189397 3446008375842516762624.000000
6X3 3840 768 363.994971 0.186624 3446009895711948668928.000000
6X3 3840 768 362.695263 0.187292 3446011416881602756608.000000
6X3 4800 96 316.497792 0.041922 3446014835702065266688.000000
6X3 4800 96 312.550371 0.042452 3446015420088477810688.000000
6X3 4800 96 300.141392 0.044207 3446016010141122953216.000000
6X3 4800 96 317.614233 0.041775 3446016600511571558400.000000
6X3 4800 96 320.218953 0.041435 3446017174319483322368.000000
6X3 4800 192 341.392844 0.077730 3446019761741652557824.000000
6X3 4800 192 341.563049 0.077692 3446020575087870607360.000000
6X3 4800 192 342.144626 0.077559 3446021379858007326720.000000
6X3 4800 192 335.648085 0.079061 3446022183131796209664.000000
6X3 4800 192 341.287178 0.077754 3446022995627000987648.000000
6X3 4800 384 351.129840 0.151150 3446025991090505515008.000000
6X3 4800 384 353.456315 0.150155 3446027272332866748416.000000
6X3 4800 384 349.301192 0.151941 3446028539404086673408.000000
6X3 4800 384 353.862171 0.149982 3446029820367651471360.000000
6X3 4800 384 357.751155 0.148352 3446031088228792532992.000000
6X3 4800 768 362.451246 0.292856 3446034940062359617536.000000
6X3 4800 768 364.848731 0.290932 3446037127823479013376.000000
6X3 4800 768 364.534085 0.291183 3446039296593161617408.000000
6X3 4800 768 365.213316 0.290642 3446041471406781235200.000000
6X3 4800 768 362.811155 0.292566 3446043655177181855744.000000
7X3 960 96 210.326336 0.002521 3446050495061497479168.000000
7X3 960 96 214.180931 0.002476 3446050841237730099200.000000
7X3 960 96 253.959438 0.002088 3446051184904426225664.000000
7X3 960 96 177.795636 0.002983 3446051532273836097536.000000
7X3 960 96 194.386690 0.002728 3446051882978271821824.000000
7X3 960 192 275.699259 0.003847 3446052346625283588096.000000
7X3 960 192 253.437049 0.004185 3446052709701118853120.000000
7X3 960 192 260.550297 0.004071 3446053068503495213056.000000
7X3 960 192 236.438499 0.004486 3446053427907719069696.000000
7X3 960 192 262.616830 0.004038 3446053788804827316224.000000
7X3 960 384 308.698292 0.006871 3446054305743157854208.000000
7X3 960 384 324.845328 0.006530 3446054683874530689024.000000
7X3 960 384 283.477255 0.007483 3446055083539955187712.000000
7X3 960 384 332.295927 0.006383 3446055465605832638464.000000
7X3 960 384 285.024455 0.007442 3446055836139542020096.000000
7X3 960 768 343.012374 0.012368 3446056456659562659840.000000
7X3 960 768 342.788510 0.012376 3446056885572526407680.000000
7X3 960 768 332.346248 0.012765 3446057300092094775296.000000
7X3 960 768 347.598254 0.012205 3446057712530519752704.000000
7X3 960 768 344.898329 0.012300 3446058121073294573568.000000
7X3 1920 96 283.533543 0.007485 3446058883867274117120.000000
7X3 1920 96 311.385065 0.006816 3446059258019574710272.000000
7X3 1920 96 285.368162 0.007437 3446059627399602503680.000000
7X3 1920 96 286.693784 0.007403 3446059996103737081856.000000
7X3 1920 96 283.634909 0.007482 3446060370238905516032.000000
7X3 1920 192 315.794714 0.013441 3446061147477215019008.000000
7X3 1920 192 334.921487 0.012673 3446061582645704785920.000000
7X3 1920 192 326.116995 0.013015 3446061998299898970112.000000
7X3 1920 192 321.170382 0.013216 3446062427866145488896.000000
7X3 1920 192 326.838558 0.012987 3446062840868271816704.000000
7X3 1920 384 340.738834 0.024914 3446063744356662640640.000000
7X3 1920 384 350.437389 0.024224 3446064240682038984704.000000
7X3 1920 384 345.096935 0.024599 3446064723555640147968.000000
7X3 1920 384 349.568293 0.024284 3446065209514592829440.000000
7X3 1920 384 331.154447 0.025635 3446065694175137890304.000000
7X3 1920 768 365.423848 0.046461 3446066821005142130688.000000
7X3 1920 768 365.067395 0.046507 3446067474099465093120.000000
7X3 1920 768 363.172595 0.046749 3446068109097027239936.000000
7X3 1920 768 367.164851 0.046241 3446068724261354733568.000000
7X3 1920 768 357.217337 0.047529 3446069347568636133376.000000
7X3 2880 96 308.904692 0.015461 3446070670792399519744.000000
7X3 2880 96 310.122753 0.015400 3446071103777048887296.000000
7X3 2880 96 310.251346 0.015394 3446071527696031023104.000000
7X3 2880 96 310.941049 0.015360 3446071951687412613120.000000
7X3 2880 96 311.054478 0.015354 3446072373741486080000.000000
7X3 2880 192 316.702270 0.030160 3446073563680568508416.000000
7X3 2880 192 340.393913 0.028061 3446074087524253827072.000000
7X3 2880 192 334.711861 0.028537 3446074599213848068096.000000
7X3 2880 192 338.680194 0.028203 3446075104449081114624.000000
7X3 2880 192 339.456067 0.028139 3446075606389554675712.000000
7X3 2880 384 347.769590 0.054932 3446076993109190770688.000000
7X3 2880 384 358.035390 0.053357 3446077668440248156160.000000
7X3 2880 384 361.489515 0.052847 3446078331533284343808.000000
7X3 2880 384 351.823020 0.054299 3446078991974562529280.000000
7X3 2880 384 355.122227 0.053795 3446079661706830151680.000000
7X3 2880 768 364.897627 0.104707 3446081455938241298432.000000
7X3 2880 768 368.207600 0.103766 3446082461996897796096.000000
7X3 2880 768 364.838933 0.104724 3446083443839921553408.000000
7X3 2880 768 363.002892 0.105253 3446084431868697509888.000000
7X3 2880 768 367.919996 0.103847 3446085421487949348864.000000
7X3 3840 96 304.605320 0.027876 3446087935098499366912.000000
7X3 3840 96 302.148774 0.028103 3446088435598935195648.000000
7X3 3840 96 303.208579 0.028005 3446088928981803335680.000000
7X3 3840 96 309.580825 0.027428 3446089429569694072832.000000
7X3 3840 96 301.523579 0.028161 3446089920588262408192.000000
7X3 3840 192 325.960250 0.052100 3446092029955657433088.000000
7X3 3840 192 330.250309 0.051423 3446092724053626847232.000000
7X3 3840 192 332.462126 0.051081 3446093370774932422656.000000
7X3 3840 192 331.238230 0.051270 3446094021486329200640.000000
7X3 3840 192 331.120461 0.051288 3446094672583685308416.000000
7X3 3840 384 352.857321 0.096257 3446097078589608427520.000000
7X3 3840 384 355.821878 0.095455 3446098014645421342720.000000
7X3 3840 384 348.205490 0.097543 3446098945091224731648.000000
7X3 3840 384 349.372377 0.097217 3446099887411476037632.000000
7X3 3840 384 356.929448 0.095159 3446100827166159142912.000000
7X3 3840 768 363.340686 0.186960 3446103821983151030272.000000
7X3 3840 768 362.055904 0.187623 3446105347023848341504.000000
7X3 3840 768 359.948436 0.188722 3446106856701246308352.000000
7X3 3840 768 364.126835 0.186556 3446108373511807434752.000000
7X3 3840 768 361.057658 0.188142 3446109885376217219072.000000
7X3 4800 96 311.994447 0.042527 3446113323018101981184.000000
7X3 4800 96 308.592815 0.042996 3446113910392125128704.000000
7X3 4800 96 308.082963 0.043067 3446114492125222010880.000000
7X3 4800 96 309.436734 0.042879 3446115084210146902016.000000
7X3 4800 96 309.523674 0.042867 3446115665578520739840.000000
7X3 4800 192 331.920865 0.079948 3446118262031453782016.000000
7X3 4800 192 339.876657 0.078077 3446119089157078777856.000000
7X3 4800 192 334.428337 0.079349 3446119895743749160960.000000
7X3 4800 192 338.393782 0.078419 3446120711095483629568.000000
7X3 4800 192 338.909573 0.078300 3446121519917442793472.000000
7X3 4800 384 354.707614 0.149625 3446124539794089836544.000000
7X3 4800 384 361.344609 0.146877 3446125817385930719232.000000
7X3 4800 384 357.257869 0.148557 3446127064988307685376.000000
7X3 4800 384 358.819157 0.147910 3446128322187787501568.000000
7X3 4800 384 353.804246 0.150007 3446129583459497148416.000000
7X3 4800 768 367.728516 0.288654 3446133443152699195392.000000
7X3 4800 768 363.399480 0.292092 3446135603161779404800.000000
7X3 4800 768 368.631791 0.287946 3446137779945823797248.000000
7X3 4800 768 366.927375 0.289284 3446139942331534540800.000000
7X3 4800 768 365.642687 0.290300 3446142102400661454848.000000
