
2X1 1000 24 52.035221 0.002765 8342902222620687597568.000000
2X1 1000 24 105.717316 0.001361 8342902650922528145408.000000
2X1 1000 24 104.323308 0.001379 8342903053602736046080.000000
2X1 1000 24 87.424415 0.001645 8342903443968649854976.000000
2X1 1000 24 101.738643 0.001414 8342903846274953379840.000000
2X1 1000 48 111.804327 0.002573 8342904503818216538112.000000
2X1 1000 48 120.202242 0.002394 8342904938306251784192.000000
2X1 1000 48 117.075696 0.002457 8342905328218111213568.000000
2X1 1000 48 124.433596 0.002312 8342905728615005028352.000000
2X1 1000 48 120.806333 0.002382 8342906121736035500032.000000
2X1 1000 96 119.147738 0.004830 8342906787024827580416.000000
2X1 1000 96 129.830654 0.004432 8342907192993804976128.000000
2X1 1000 96 129.187792 0.004454 8342907596900233379840.000000
2X1 1000 96 130.645043 0.004404 8342907997658514718720.000000
2X1 1000 96 125.292206 0.004593 8342908397843403243520.000000
2X1 1000 192 132.402688 0.008692 8342909119040769228800.000000
2X1 1000 192 135.118558 0.008517 8342909552965065900032.000000
2X1 1000 192 138.135565 0.008331 8342909983831919427584.000000
2X1 1000 192 134.457143 0.008559 8342910412358158385152.000000
2X1 1000 192 138.270494 0.008323 8342910839802715701248.000000
2X1 1000 384 138.028265 0.016676 8342911657466837073920.000000
2X1 1000 384 141.030619 0.016321 8342912141268638236672.000000
2X1 1000 384 143.769639 0.016010 8342912643705429032960.000000
2X1 1000 384 140.264929 0.016410 8342913121722124206080.000000
2X1 1000 384 142.620532 0.016139 8342913596899619504128.000000
2X1 1000 768 143.535029 0.032072 8342914624584754921472.000000
2X1 1000 768 137.239810 0.033543 8342915207885584596992.000000
2X1 1000 768 143.848992 0.032002 8342915834054654820352.000000
2X1 1000 768 142.624407 0.032276 8342916431546555564032.000000
2X1 1000 768 145.730324 0.031588 8342917012948343848960.000000
2X1 2000 24 82.747546 0.006957 8342918459818285989888.000000
2X1 2000 24 98.129828 0.005867 8342918882151064666112.000000
2X1 2000 24 97.835530 0.005884 8342919297447627849728.000000
2X1 2000 24 98.763941 0.005829 8342919709739450368000.000000
2X1 2000 24 92.026414 0.006256 8342920186281225879552.000000
2X1 2000 48 104.551102 0.011013 8342921221433470222336.000000
2X1 2000 48 107.614537 0.010700 8342921672212270284800.000000
2X1 2000 48 105.727901 0.010890 8342922114258084823040.000000
2X1 2000 48 107.593309 0.010702 8342922562271002492928.000000
2X1 2000 48 107.418655 0.010719 8342923005569776222208.000000
2X1 2000 96 125.154395 0.018400 8342924116145458905088.000000
2X1 2000 96 124.972764 0.018427 8342924655982892023808.000000
2X1 2000 96 125.837939 0.018300 8342925146518444834816.000000
2X1 2000 96 125.481444 0.018352 8342925636079610494976.000000
2X1 2000 96 126.802296 0.018161 8342926132257973338112.000000
2X1 2000 192 137.356279 0.033531 8342927364792144363520.000000
2X1 2000 192 138.049722 0.033363 8342927962788108173312.000000
2X1 2000 192 138.340497 0.033292 8342928549800870674432.000000
2X1 2000 192 137.534663 0.033488 8342929135026007179264.000000
2X1 2000 192 137.335018 0.033536 8342929723311039447040.000000
2X1 2000 384 143.919282 0.064004 8342931211275003232256.000000
2X1 2000 384 144.512617 0.063741 8342931996941924433920.000000
2X1 2000 384 145.107438 0.063480 8342932784052256636928.000000
2X1 2000 384 144.984559 0.063534 8342933564965858050048.000000
2X1 2000 384 145.371461 0.063365 8342934345220859363328.000000
2X1 2000 768 133.756874 0.137733 8342936336284982968320.000000
2X1 2000 768 134.824791 0.136642 8342937596624161996800.000000
2X1 2000 768 135.008119 0.136457 8342938847445273018368.000000
2X1 2000 768 134.940270 0.136525 8342940095660482887680.000000
2X1 2000 768 130.579889 0.141084 8342941342841297698816.000000
2X1 3000 24 82.270655 0.015748 8342943808578879750144.000000
2X1 3000 24 83.307671 0.015552 8342944285648322822144.000000
2X1 3000 24 85.042753 0.015234 8342944761193233907712.000000
2X1 3000 24 83.451504 0.015525 8342945234273153581056.000000
2X1 3000 24 85.955667 0.015073 8342945707045018402816.000000
2X1 3000 48 117.500769 0.022052 8342947409052570746880.000000
2X1 3000 48 116.968276 0.022152 8342947925284813275136.000000
2X1 3000 48 117.092359 0.022129 8342948440093668409344.000000
2X1 3000 48 117.479145 0.022056 8342948956645811552256.000000
2X1 3000 48 116.171934 0.022304 8342949473726013374464.000000
2X1 3000 96 134.039625 0.038662 8342951279174336118784.000000
2X1 3000 96 135.746266 0.038176 8342951903612568076288.000000
2X1 3000 96 135.143056 0.038347 8342952521990677725184.000000
2X1 3000 96 134.736835 0.038462 8342953140483228958720.000000
2X1 3000 96 134.607216 0.038499 8342953762148715593728.000000
2X1 3000 192 144.080534 0.071936 8342955787315353485312.000000
2X1 3000 192 145.056967 0.071452 8342956627789796605952.000000
2X1 3000 192 145.073312 0.071443 8342957459675096809472.000000
2X1 3000 192 144.785617 0.071585 8342958290502971031552.000000
2X1 3000 192 144.893840 0.071532 8342959122154498555904.000000
2X1 3000 384 145.093900 0.142867 8342961593002599907328.000000
2X1 3000 384 144.504236 0.143450 8342962883710874025984.000000
2X1 3000 384 144.798958 0.143158 8342964172946510184448.000000
2X1 3000 384 144.480366 0.143473 8342965459182372782080.000000
2X1 3000 384 144.425871 0.143528 8342966747822936817664.000000
2X1 3000 768 126.368026 0.328075 8342970143747625451520.000000
2X1 3000 768 123.665354 0.335245 8342972620031272157184.000000
2X1 3000 768 129.116118 0.321092 8342975137840566894592.000000
2X1 3000 768 123.315898 0.336195 8342977569210818887680.000000
2X1 3000 768 123.491734 0.335716 8342980095332869734400.000000
2X1 4000 24 84.498133 0.027260 8342985375131205894144.000000
2X1 4000 24 84.971215 0.027108 8342985927233678344192.000000
2X1 4000 24 85.461393 0.026953 8342986475314899582976.000000
2X1 4000 24 85.350759 0.026988 8342987025314441330688.000000
2X1 4000 24 85.060222 0.027080 8342987578209552302080.000000
2X1 4000 48 91.971055 0.050090 8342991132850929008640.000000
2X1 4000 48 95.240198 0.048371 8342992064167321534464.000000
2X1 4000 48 93.476907 0.049283 8342992787151853191168.000000
2X1 4000 48 94.817180 0.048587 8342993504613192171520.000000
2X1 4000 48 110.342779 0.041750 8342994223292526624768.000000
2X1 4000 96 128.797546 0.071536 8342997872416478199808.000000
2X1 4000 96 129.539591 0.071126 8342998706204341960704.000000
2X1 4000 96 124.235336 0.074163 8342999533376755466240.000000
2X1 4000 96 127.883015 0.072048 8343000379720973942784.000000
2X1 4000 96 130.126510 0.070806 8343001223474057314304.000000
2X1 4000 192 116.887866 0.157650 8343005239158350282752.000000
2X1 4000 192 115.865841 0.159041 8343006677826112847872.000000
2X1 4000 192 118.393071 0.155646 8343008125677716111360.000000
2X1 4000 192 123.212032 0.149558 8343009558501736316928.000000
2X1 4000 192 125.444664 0.146897 8343011008685083197440.000000
2X1 4000 384 118.244011 0.311684 8343016144839325515776.000000
2X1 4000 384 121.366800 0.303664 8343018666113160445952.000000
2X1 4000 384 127.732951 0.288530 8343021012827284439040.000000
2X1 4000 384 129.126766 0.285416 8343023266818197291008.000000
2X1 4000 384 130.796868 0.281771 8343025474055353401344.000000
2X1 4000 768 127.297573 0.579034 8343031669504784465920.000000
2X1 4000 768 130.068233 0.566699 8343035758110924865536.000000
2X1 4000 768 129.014284 0.571329 8343039767031055384576.000000
2X1 4000 768 125.616376 0.586783 8343043813778429837312.000000
2X1 4000 768 125.457644 0.587526 8343047947709038198784.000000
2X1 5000 24 86.798414 0.041467 8343055465020934586368.000000
2X1 5000 24 90.055515 0.039967 8343056110825824583680.000000
2X1 5000 24 87.611494 0.041082 8343056743930848608256.000000
2X1 5000 24 90.445340 0.039795 8343057383327928418304.000000
2X1 5000 24 89.649720 0.040148 8343058012138489511936.000000
2X1 5000 48 113.948497 0.063174 8343062033811446431744.000000
2X1 5000 48 114.863585 0.062671 8343062815286407200768.000000
2X1 5000 48 115.690236 0.062223 8343063592154849869824.000000
2X1 5000 48 115.882676 0.062119 8343064364769372798976.000000
2X1 5000 48 115.077645 0.062554 8343065138219009966080.000000
2X1 5000 96 131.032061 0.109875 8343069409667183542272.000000
2X1 5000 96 131.884305 0.109165 8343070489993098035200.000000
2X1 5000 96 128.466698 0.112069 8343071562549769011200.000000
2X1 5000 96 132.203315 0.108901 8343072665463665197056.000000
2X1 5000 96 132.295740 0.108825 8343073741577825288192.000000
2X1 5000 192 131.770963 0.218517 8343078495587678552064.000000
2X1 5000 192 129.881785 0.221696 8343080271139471097856.000000
2X1 5000 192 129.939645 0.221597 8343082067595839406080.000000
2X1 5000 192 129.850544 0.221749 8343083860856985878528.000000
2X1 5000 192 129.890498 0.221681 8343085654214279430144.000000
2X1 5000 384 127.027635 0.453354 8343091523295813566464.000000
2X1 5000 384 129.044483 0.446268 8343094804776770076672.000000
2X1 5000 384 130.484830 0.441342 8343098043271320961024.000000
2X1 5000 384 129.845765 0.443515 8343101245992296513536.000000
2X1 5000 384 129.946995 0.443169 8343104460224934707200.000000
2X1 5000 768 124.490258 0.925189 8343112642390376054784.000000
2X1 5000 768 127.502821 0.903329 8343118945851887583232.000000
2X1 5000 768 127.395454 0.904090 8343125105671090995200.000000
2X1 5000 768 127.490011 0.903419 8343131268864087687168.000000
2X1 5000 768 126.342939 0.911622 8343137427564541247488.000000
2X1 6000 24 74.566136 0.069511 8343151358982347554816.000000
2X1 6000 24 80.500386 0.064386 8343152256251103019008.000000
2X1 6000 24 80.628524 0.064284 8343153038565519130624.000000
2X1 6000 24 81.022898 0.063971 8343153820901051465728.000000
2X1 6000 24 80.838286 0.064117 8343154601055047647232.000000
2X1 6000 48 106.505699 0.097331 8343161448072977842176.000000
2X1 6000 48 107.395973 0.096524 8343162443012283301888.000000
2X1 6000 48 106.695715 0.097157 8343163437922601926656.000000
2X1 6000 48 107.095432 0.096795 8343164429469607788544.000000
2X1 6000 48 106.985117 0.096895 8343165422427487338496.000000
2X1 6000 96 123.117085 0.168397 8343172617749638676480.000000
2X1 6000 96 115.309294 0.179799 8343174069498756988928.000000
2X1 6000 96 126.840798 0.163453 8343175654291527434240.000000
2X1 6000 96 125.599495 0.165069 8343177075651043655680.000000
2X1 6000 96 127.217971 0.162969 8343178504216471666688.000000
2X1 6000 192 123.952856 0.334523 8343186335342633418752.000000
2X1 6000 192 139.938708 0.296309 8343188851403482202112.000000
2X1 6000 192 136.819992 0.303063 8343191120104526970880.000000
2X1 6000 192 139.469894 0.297305 8343193439812638998528.000000
2X1 6000 192 139.665302 0.296889 8343195720029862625280.000000
2X1 6000 384 123.523583 0.671371 8343204875996451831808.000000
2X1 6000 384 127.551042 0.650172 8343209550342585843712.000000
2X1 6000 384 128.077119 0.647502 8343214086127543648256.000000
2X1 6000 384 128.188249 0.646941 8343218605150422695936.000000
2X1 6000 384 127.360380 0.651146 8343223119191399727104.000000
2X1 6000 768 123.421356 1.343855 8343235710651338850304.000000
2X1 6000 768 127.312821 1.302778 8343244688666551910400.000000
2X1 6000 768 126.573385 1.310389 8343253401453595721728.000000
2X1 6000 768 125.215097 1.324603 8343262159906097070080.000000
2X1 6000 768 127.933554 1.296457 8343271011165900111872.000000
3X1 1000 24 94.294333 0.001526 8343285926118910066688.000000
3X1 1000 24 111.560384 0.001289 8343286326602959421440.000000
3X1 1000 24 86.276829 0.001667 8343286714589618634752.000000
3X1 1000 24 85.585066 0.001681 8343287100885795078144.000000
3X1 1000 24 111.571373 0.001289 8343287530896849108992.000000
3X1 1000 48 120.999752 0.002378 8343288215454129061888.000000
3X1 1000 48 136.892875 0.002102 8343288614604000722944.000000
3X1 1000 48 134.077587 0.002146 8343289018229530296320.000000
3X1 1000 48 133.945568 0.002148 8343289411919893495808.000000
3X1 1000 48 134.384763 0.002141 8343289807394004008960.000000
3X1 1000 96 134.039484 0.004293 8343290474596112793600.000000
3X1 1000 96 141.550078 0.004065 8343290883575019208704.000000
3X1 1000 96 143.138696 0.004020 8343291293619426689024.000000
3X1 1000 96 143.172851 0.004019 8343291697294139719680.000000
3X1 1000 96 143.338548 0.004014 8343292100086188736512.000000
3X1 1000 192 150.322891 0.007656 8343292818235261452288.000000
3X1 1000 192 154.625388 0.007443 8343293247507176357888.000000
3X1 1000 192 154.261497 0.007460 8343293675166591090688.000000
3X1 1000 192 154.239665 0.007461 8343294101696637042688.000000
3X1 1000 192 153.594035 0.007493 8343294527549351133184.000000
3X1 1000 384 156.848421 0.014675 8343295342971281473536.000000
3X1 1000 384 161.922241 0.014215 8343295822251806425088.000000
3X1 1000 384 161.299842 0.014270 8343296294471784726528.000000
3X1 1000 384 160.880416 0.014307 8343296765768853618688.000000
3X1 1000 384 161.408476 0.014260 8343297234825908322304.000000
3X1 1000 768 162.396562 0.028347 8343298254392538431488.000000
3X1 1000 768 164.490107 0.027986 8343298821443875241984.000000
3X1 1000 768 166.149990 0.027706 8343299381481711861760.000000
3X1 1000 768 164.228112 0.028030 8343299965852459204608.000000
3X1 1000 768 165.370406 0.027837 8343300524943421210624.000000
3X1 2000 24 97.345419 0.005914 8343301677848873402368.000000
3X1 2000 24 108.211680 0.005320 8343302101742911488000.000000
3X1 2000 24 106.173852 0.005422 8343302521583467233280.000000
3X1 2000 24 107.132370 0.005374 8343302939442627477504.000000
3X1 2000 24 109.881053 0.005239 8343303353555380862976.000000
3X1 2000 48 112.765970 0.010211 8343304391593158508544.000000
3X1 2000 48 115.050164 0.010008 8343304842741072003072.000000
3X1 2000 48 115.473358 0.009971 8343305286508654624768.000000
3X1 2000 48 115.903235 0.009934 8343305729837905215488.000000
3X1 2000 48 115.014113 0.010011 8343306171802232815616.000000
3X1 2000 96 137.168826 0.016788 8343307280315104362496.000000
3X1 2000 96 137.171759 0.016788 8343307769597654990848.000000
3X1 2000 96 138.999117 0.016567 8343308258032916365312.000000
3X1 2000 96 137.526330 0.016745 8343308744495040823296.000000
3X1 2000 96 138.935844 0.016575 8343309230840326651904.000000
3X1 2000 192 147.906267 0.031139 8343310457342066163712.000000
3X1 2000 192 152.853204 0.030131 8343311039311354265600.000000
3X1 2000 192 152.692431 0.030163 8343311611629413597184.000000
3X1 2000 192 153.036239 0.030095 8343312188525544210432.000000
3X1 2000 192 152.841319 0.030134 8343312759955031851008.000000
3X1 2000 384 160.694124 0.057323 8343314237882553597952.000000
3X1 2000 384 161.766935 0.056942 8343314987816211972096.000000
3X1 2000 384 161.653776 0.056982 8343315731394610593792.000000
3X1 2000 384 161.568994 0.057012 8343316477155215409152.000000
3X1 2000 384 141.767782 0.064975 8343317220022335569920.000000
3X1 2000 768 153.494294 0.120023 8343319232352814628864.000000
3X1 2000 768 154.203183 0.119471 8343320386732537413632.000000
3X1 2000 768 150.609310 0.122322 8343321530388445134848.000000
3X1 2000 768 137.971508 0.133526 8343322692326324699136.000000
3X1 2000 768 149.754369 0.123020 8343323951693961363456.000000
3X1 3000 24 86.290720 0.015014 8343326327547784855552.000000
3X1 3000 24 85.686496 0.015120 8343326806314405855232.000000
3X1 3000 24 85.749703 0.015109 8343327282936529551360.000000
3X1 3000 24 86.762789 0.014932 8343327755828170063872.000000
3X1 3000 24 85.584061 0.015138 8343328231651134144512.000000
3X1 3000 48 125.455734 0.020654 8343329934099590676480.000000
3X1 3000 48 128.975000 0.020090 8343330449680757686272.000000
3X1 3000 48 124.916719 0.020743 8343330955434820370432.000000
3X1 3000 48 128.906441 0.020101 8343331468478702944256.000000
3X1 3000 48 126.677125 0.020455 8343331974329361498112.000000
3X1 3000 96 146.975182 0.035260 8343333768431534080000.000000
3X1 3000 96 148.666261 0.034858 8343334372762156269568.000000
3X1 3000 96 147.580601 0.035115 8343334975104646905856.000000
3X1 3000 96 147.596477 0.035111 8343335578443951636480.000000
3X1 3000 96 147.155502 0.035216 8343336178922202071040.000000
3X1 3000 192 159.944591 0.064801 8343338183939577610240.000000
3X1 3000 192 161.231480 0.064284 8343338987018950541312.000000
3X1 3000 192 160.515501 0.064570 8343339775602945163264.000000
3X1 3000 192 161.113321 0.064331 8343340567797064269824.000000
3X1 3000 192 161.084149 0.064342 8343341355808749256704.000000
3X1 3000 384 166.365768 0.124599 8343343781190716882944.000000
3X1 3000 384 166.450073 0.124536 8343344959809650688000.000000
3X1 3000 384 166.422149 0.124557 8343346132417983283200.000000
3X1 3000 384 166.408448 0.124568 8343347305898190045184.000000
3X1 3000 384 162.453473 0.127600 8343348477603749036032.000000
3X1 3000 768 134.080879 0.309203 8343351772772870127616.000000
3X1 3000 768 134.917561 0.307285 8343354134291182256128.000000
3X1 3000 768 134.940574 0.307233 8343356479842773106688.000000
3X1 3000 768 134.884432 0.307361 8343358826072523145216.000000
3X1 3000 768 134.587566 0.308039 8343361171164630089728.000000
3X1 4000 24 89.631822 0.025699 8343366297472836042752.000000
3X1 4000 24 90.858662 0.025352 8343366844436449329152.000000
3X1 4000 24 90.506315 0.025450 8343367384029284270080.000000
3X1 4000 24 90.611055 0.025421 8343367926319555805184.000000
3X1 4000 24 90.394232 0.025482 8343368467197565337600.000000
3X1 4000 48 119.855151 0.038437 8343371835036596699136.000000
3X1 4000 48 120.518999 0.038225 8343372460044300845056.000000
3X1 4000 48 120.694586 0.038169 8343373078902851239936.000000
3X1 4000 48 120.522552 0.038224 8343373698533066539008.000000
3X1 4000 48 120.784819 0.038141 8343374318675391676416.000000
3X1 4000 96 141.689355 0.065027 8343377871978483417088.000000
3X1 4000 96 142.841905 0.064503 8343378671119928131584.000000
3X1 4000 96 142.478596 0.064667 8343379460969719660544.000000
3X1 4000 96 142.900215 0.064476 8343380249931311742976.000000
3X1 4000 96 139.908384 0.065855 8343381037833610330112.000000
3X1 4000 192 155.741235 0.118321 8343384949870610612224.000000
3X1 4000 192 156.701954 0.117595 8343386088623775416320.000000
3X1 4000 192 155.656589 0.118385 8343387216938405986304.000000
3X1 4000 192 156.291230 0.117904 8343388349615975694336.000000
3X1 4000 192 156.444471 0.117789 8343389480304949329920.000000
3X1 4000 384 151.064706 0.243967 8343393992476152823808.000000
3X1 4000 384 149.181530 0.247047 8343395934296121278464.000000
3X1 4000 384 149.383557 0.246712 8343397892481834024960.000000
3X1 4000 384 149.423788 0.246646 8343399846932520108032.000000
3X1 4000 384 149.553319 0.246432 8343401800457286320128.000000
3X1 4000 768 130.635850 0.564237 8343407740568394006528.000000
3X1 4000 768 130.879263 0.563188 8343411732460049793024.000000
3X1 4000 768 131.332013 0.561246 8343415717371605680128.000000
3X1 4000 768 131.879502 0.558916 8343419690477653327872.000000
3X1 4000 768 128.986257 0.571453 8343423723635534200832.000000
3X1 5000 24 91.909029 0.039161 8343431115473638391808.000000
3X1 5000 24 94.167121 0.038222 8343431749477798510592.000000
3X1 5000 24 94.831558 0.037954 8343432371804469985280.000000
3X1 5000 24 93.511848 0.038490 8343432993371470168064.000000
3X1 5000 24 94.984133 0.037893 8343433617540887085056.000000
3X1 5000 48 122.420068 0.058802 8343437786938434650112.000000
3X1 5000 48 124.276634 0.057924 8343438541988564041728.000000
3X1 5000 48 124.402545 0.057865 8343439289119699632128.000000
3X1 5000 48 125.124369 0.057531 8343440034486753951744.000000
3X1 5000 48 125.196859 0.057498 8343440778316586418176.000000
3X1 5000 96 143.912815 0.100041 8343445011177244983296.000000
3X1 5000 96 125.017184 0.115161 8343446030175895027712.000000
3X1 5000 96 145.006523 0.099286 8343447156149577580544.000000
3X1 5000 96 144.520216 0.099620 8343448171726252277760.000000
3X1 5000 96 144.520750 0.099620 8343449185733593530368.000000
3X1 5000 192 156.925938 0.183489 8343453886285561724928.000000
3X1 5000 192 157.091844 0.183296 8343455441769069543424.000000
3X1 5000 192 156.893406 0.183527 8343456990905492307968.000000
3X1 5000 192 156.997891 0.183405 8343458540469696331776.000000
3X1 5000 192 156.779165 0.183661 8343460090286866169856.000000
3X1 5000 384 139.482789 0.412872 8343465718942622810112.000000
3X1 5000 384 138.967829 0.414402 8343468739473665163264.000000
3X1 5000 384 139.029078 0.414219 8343471766109843095552.000000
3X1 5000 384 139.006057 0.414288 8343474794228605779968.000000
3X1 5000 384 137.340705 0.419311 8343477820648807464960.000000
3X1 5000 768 130.299213 0.883942 8343485723655669809152.000000
3X1 5000 768 130.656453 0.881525 8343491768791997612032.000000
3X1 5000 768 130.678889 0.881374 8343497785852289875968.000000
3X1 5000 768 130.577269 0.882060 8343503802399395414016.000000
3X1 5000 768 131.279462 0.877342 8343509824148986658816.000000
3X1 6000 24 84.749405 0.061158 8343521784555321163776.000000
3X1 6000 24 84.882477 0.061062 8343522555890424086528.000000
3X1 6000 24 84.737962 0.061167 8343523325083231715328.000000
3X1 6000 24 84.589264 0.061274 8343524093082371883008.000000
3X1 6000 24 85.109886 0.060899 8343524860396145999872.000000
3X1 6000 48 113.793158 0.091097 8343531674091992907776.000000
3X1 6000 48 115.409592 0.089822 8343532636256423903232.000000
3X1 6000 48 115.260892 0.089937 8343533586451652411392.000000
3X1 6000 48 115.121473 0.090046 8343534538022612631552.000000
3X1 6000 48 115.389386 0.089837 8343535488975307276288.000000
3X1 6000 96 132.898618 0.156003 8343542607761785225216.000000
3X1 6000 96 139.058967 0.149092 8343543982920578367488.000000
3X1 6000 96 138.850863 0.149315 8343545315678618648576.000000
3X1 6000 96 138.902073 0.149260 8343546646554627538944.000000
3X1 6000 96 138.599248 0.149586 8343547976789273870336.000000
3X1 6000 192 120.349517 0.344539 8343555962096215654400.000000
3X1 6000 192 122.487825 0.338524 8343558642242738454528.000000
3X1 6000 192 128.391837 0.322957 8343561243223919689728.000000
3X1 6000 192 125.832848 0.329525 8343563800177776001024.000000
3X1 6000 192 116.958499 0.354528 8343566309541919326208.000000
3X1 6000 384 135.257757 0.613127 8343576184708038393856.000000
3X1 6000 384 136.263497 0.608602 8343580491571525582848.000000
3X1 6000 384 136.587311 0.607159 8343584766219690967040.000000
3X1 6000 384 136.190277 0.608929 8343589031118402224128.000000
3X1 6000 384 136.257964 0.608626 8343593304367915073536.000000
3X1 6000 768 129.160078 1.284146 8343605372457406431232.000000
3X1 6000 768 129.307672 1.282680 8343613970527747571712.000000
3X1 6000 768 129.274414 1.283010 8343622558938969407488.000000
3X1 6000 768 129.258997 1.283163 8343631147571093700608.000000
3X1 6000 768 130.080990 1.275055 8343639735687936212992.000000
2X2 1000 24 89.453396 0.001608 8343654492369198252032.000000
2X2 1000 24 128.820577 0.001117 8343654898537168109568.000000
2X2 1000 24 128.858887 0.001116 8343655294104730861568.000000
2X2 1000 24 128.607636 0.001119 8343655686494436196352.000000
2X2 1000 24 128.273239 0.001121 8343656073512503738368.000000
2X2 1000 48 136.432438 0.002109 8343656726506026041344.000000
2X2 1000 48 156.179160 0.001842 8343657126527197249536.000000
2X2 1000 48 151.784942 0.001896 8343657527818524295168.000000
2X2 1000 48 154.322458 0.001864 8343657925589625470976.000000
2X2 1000 48 154.715812 0.001860 8343658317010012471296.000000
2X2 1000 96 155.614378 0.003698 8343658982181318950912.000000
2X2 1000 96 168.253911 0.003420 8343659401201500291072.000000
2X2 1000 96 167.630097 0.003433 8343659803951159574528.000000
2X2 1000 96 168.047241 0.003424 8343660204600581947392.000000
2X2 1000 96 168.202761 0.003421 8343660613434496516096.000000
2X2 1000 192 171.773640 0.006700 8343661335382209855488.000000
2X2 1000 192 179.920953 0.006396 8343661768003868950528.000000
2X2 1000 192 179.447926 0.006413 8343662195700755595264.000000
2X2 1000 192 179.622808 0.006407 8343662616194694774784.000000
2X2 1000 192 179.999043 0.006394 8343663039483253620736.000000
2X2 1000 384 176.083144 0.013072 8343663851560415264768.000000
2X2 1000 384 184.803219 0.012455 8343664336471716790272.000000
2X2 1000 384 160.157980 0.014371 8343664825891991584768.000000
2X2 1000 384 146.238007 0.015739 8343665312188187279360.000000
2X2 1000 384 185.392030 0.012415 8343665859830487187456.000000
2X2 1000 768 181.383991 0.025379 8343666871504265543680.000000
2X2 1000 768 187.345462 0.024572 8343667420606073143296.000000
2X2 1000 768 188.231053 0.024456 8343667979906871984128.000000
2X2 1000 768 187.681708 0.024528 8343668518694150995968.000000
2X2 1000 768 186.956570 0.024623 8343669061150685790208.000000
2X2 2000 24 112.137103 0.005134 8343670196658065375232.000000
2X2 2000 24 127.398604 0.004519 8343670618162987008000.000000
2X2 2000 24 123.007526 0.004680 8343671025236749320192.000000
2X2 2000 24 124.691553 0.004617 8343671434283174592512.000000
2X2 2000 24 113.580016 0.005069 8343671843733200961536.000000
2X2 2000 48 139.446790 0.008257 8343672886261180268544.000000
2X2 2000 48 144.570598 0.007964 8343673323662762573824.000000
2X2 2000 48 145.151976 0.007933 8343673755424067158016.000000
2X2 2000 48 145.294641 0.007925 8343674185613878231040.000000
2X2 2000 48 144.702466 0.007957 8343674618474532962304.000000
2X2 2000 96 155.578443 0.014802 8343675721330655756288.000000
2X2 2000 96 165.056087 0.013952 8343676201338268549120.000000
2X2 2000 96 165.886822 0.013882 8343676678308349607936.000000
2X2 2000 96 165.491608 0.013915 8343677155035317272576.000000
2X2 2000 96 165.031685 0.013954 8343677623307947999232.000000
2X2 2000 192 172.646292 0.026677 8343678838072725733376.000000
2X2 2000 192 178.128995 0.025856 8343679403744257114112.000000
2X2 2000 192 172.068734 0.026767 8343679976939546738688.000000
2X2 2000 192 178.328546 0.025827 8343680528216084185088.000000
2X2 2000 192 178.226891 0.025842 8343681131522005401600.000000
2X2 2000 384 183.511342 0.050195 8343682590291946110976.000000
2X2 2000 384 185.219677 0.049732 8343683293912982618112.000000
2X2 2000 384 185.189857 0.049740 8343684001215165759488.000000
2X2 2000 384 185.039750 0.049781 8343684704170221240320.000000
2X2 2000 384 183.955277 0.050074 8343685403854561607680.000000
2X2 2000 768 178.586683 0.103159 8343687316256986234880.000000
2X2 2000 768 175.712982 0.104846 8343688368073635528704.000000
2X2 2000 768 175.324521 0.105078 8343689418591377031168.000000
2X2 2000 768 175.064921 0.105234 8343690475855242330112.000000
2X2 2000 768 175.402189 0.105032 8343691527753101737984.000000
2X2 3000 24 108.701084 0.011919 8343693766232039751680.000000
2X2 3000 24 115.848297 0.011183 8343694231224974311424.000000
2X2 3000 24 116.490168 0.011122 8343694685192887205888.000000
2X2 3000 24 116.120966 0.011157 8343695138855257636864.000000
2X2 3000 24 115.802342 0.011188 8343695587626458284032.000000
2X2 3000 48 135.235169 0.019160 8343697275779687645184.000000
2X2 3000 48 122.692341 0.021119 8343697780706692300800.000000
2X2 3000 48 151.479354 0.017106 8343698324797066838016.000000
2X2 3000 48 152.711489 0.016968 8343698862224456024064.000000
2X2 3000 48 152.284796 0.017015 8343699349636034592768.000000
2X2 3000 96 164.793571 0.031447 8343701128945103536128.000000
2X2 3000 96 173.142313 0.029931 8343701713869567164416.000000
2X2 3000 96 172.952612 0.029964 8343702282723178577920.000000
2X2 3000 96 173.310941 0.029902 8343702851477395472384.000000
2X2 3000 96 173.919761 0.029797 8343703420948795359232.000000
2X2 3000 192 178.604248 0.058031 8343705400561927979008.000000
2X2 3000 192 184.012873 0.056325 8343706156213701967872.000000
2X2 3000 192 184.297539 0.056238 8343706898141768843264.000000
2X2 3000 192 184.056324 0.056312 8343707637819094597632.000000
2X2 3000 192 183.989428 0.056332 8343708377513412526080.000000
2X2 3000 384 189.241005 0.109538 8343710754596443914240.000000
2X2 3000 384 189.662299 0.109295 8343711843027748126720.000000
2X2 3000 384 178.928171 0.115851 8343712948358369771520.000000
2X2 3000 384 190.240492 0.108963 8343714112051014008832.000000
2X2 3000 384 190.573115 0.108772 8343715200693768814592.000000
2X2 3000 768 171.045931 0.242380 8343718382288881319936.000000
2X2 3000 768 169.070196 0.245213 8343720321477928550400.000000
2X2 3000 768 170.947058 0.242521 8343722275064917262336.000000
2X2 3000 768 170.271376 0.243483 8343724211266262138880.000000
2X2 3000 768 171.305205 0.242014 8343726152552959442944.000000
2X2 4000 24 107.225291 0.021482 8343730953849055215616.000000
2X2 4000 24 113.712973 0.020256 8343731537388966510592.000000
2X2 4000 24 112.552184 0.020465 8343732048478753259520.000000
2X2 4000 24 112.596220 0.020457 8343732559808243433472.000000
2X2 4000 24 104.316226 0.022081 8343733068796596846592.000000
2X2 4000 48 142.207871 0.032395 8343736462647792500736.000000
2X2 4000 48 145.008049 0.031770 8343737052350988156928.000000
2X2 4000 48 145.722110 0.031614 8343737634580130168832.000000
2X2 4000 48 144.958752 0.031780 8343738217031033421824.000000
2X2 4000 48 145.635094 0.031633 8343738798167805657088.000000
2X2 4000 96 163.568715 0.056329 8343742309120482476032.000000
2X2 4000 96 167.022436 0.055164 8343743050890699866112.000000
2X2 4000 96 157.655166 0.058442 8343743782775089528832.000000
2X2 4000 96 167.276782 0.055081 8343744533862891388928.000000
2X2 4000 96 167.317101 0.055067 8343745278034448482304.000000
2X2 4000 192 179.657444 0.102570 8343749105993809657856.000000
2X2 4000 192 180.271099 0.102220 8343750147899837644800.000000
2X2 4000 192 179.329059 0.102757 8343751180686405402624.000000
2X2 4000 192 180.825046 0.101907 8343752217248534626304.000000
2X2 4000 192 180.719619 0.101967 8343753249622056763392.000000
2X2 4000 384 181.306937 0.203273 8343757681148464988160.000000
2X2 4000 384 177.503486 0.207629 8343759362343525416960.000000
2X2 4000 384 177.092819 0.208110 8343761067525108924416.000000
2X2 4000 384 177.055653 0.208154 8343762777586324733952.000000
2X2 4000 384 177.134232 0.208061 8343764488161272528896.000000
2X2 4000 768 168.355530 0.437821 8343770215231012208640.000000
2X2 4000 768 163.523923 0.450757 8343773400960659881984.000000
2X2 4000 768 163.327625 0.451299 8343776686119984300032.000000
2X2 4000 768 167.574360 0.439862 8343779981501971562496.000000
2X2 4000 768 168.267583 0.438050 8343783175287221518336.000000
2X2 5000 24 95.500605 0.037689 8343789785600590086144.000000
2X2 5000 24 97.831482 0.036791 8343790445914654507008.000000
2X2 5000 24 102.780072 0.035019 8343791105488214556672.000000
2X2 5000 24 98.023425 0.036719 8343791745856381648896.000000
2X2 5000 24 116.176472 0.030981 8343792431091769409536.000000
2X2 5000 48 144.037426 0.049977 8343796445591489216512.000000
2X2 5000 48 149.690988 0.048089 8343797143776791625728.000000
2X2 5000 48 149.113053 0.048276 8343797829115045740544.000000
2X2 5000 48 148.616905 0.048437 8343798514489213583360.000000
2X2 5000 48 148.671595 0.048419 8343799201715763281920.000000
2X2 5000 96 163.815433 0.087886 8343803515839421874176.000000
2X2 5000 96 169.213542 0.085083 8343804502775117643776.000000
2X2 5000 96 168.302001 0.085543 8343805432764351643648.000000
2X2 5000 96 169.304243 0.085037 8343806357216207831040.000000
2X2 5000 96 159.734601 0.090132 8343807278278171951104.000000
2X2 5000 192 166.702475 0.172728 8343812019873307951104.000000
2X2 5000 192 167.798587 0.171600 8343813508444892168192.000000
2X2 5000 192 180.914368 0.159159 8343814989671398637568.000000
2X2 5000 192 181.312198 0.158810 8343816387074433482752.000000
2X2 5000 192 180.883593 0.159187 8343817779112051736576.000000
2X2 5000 384 166.729070 0.345402 8343823261828103798784.000000
2X2 5000 384 165.450325 0.348071 8343825851802529562624.000000
2X2 5000 384 165.367095 0.348246 8343828542850445869056.000000
2X2 5000 384 165.357166 0.348267 8343831154764581699584.000000
2X2 5000 384 165.372285 0.348235 8343833759678134747136.000000
2X2 5000 768 163.480300 0.704531 8343841237878667476992.000000
2X2 5000 768 163.277943 0.705404 8343846132362853220352.000000
2X2 5000 768 163.149628 0.705959 8343851026857756459008.000000
2X2 5000 768 163.214146 0.705680 8343855924802375122944.000000
2X2 5000 768 163.127199 0.706056 8343860818413731446784.000000
2X2 6000 24 106.115614 0.048844 8343871681505519468544.000000
2X2 6000 24 109.506465 0.047332 8343872373873039114240.000000
2X2 6000 24 109.645753 0.047272 8343873050992098410496.000000
2X2 6000 24 107.773127 0.048093 8343873727260903079936.000000
2X2 6000 24 109.387555 0.047383 8343874418234097664000.000000
2X2 6000 48 141.175284 0.073428 8343881137968520364032.000000
2X2 6000 48 143.507395 0.072235 8343881986439876968448.000000
2X2 6000 48 143.352544 0.072313 8343882825784621006848.000000
2X2 6000 48 143.521410 0.072228 8343883665231345352704.000000
2X2 6000 48 143.675351 0.072151 8343884503146457726976.000000
2X2 6000 96 164.725297 0.125861 8343891504397345095680.000000
2X2 6000 96 166.475808 0.124538 8343892689305881018368.000000
2X2 6000 96 166.635940 0.124418 8343893863864985452544.000000
2X2 6000 96 166.540901 0.124489 8343895035504538681344.000000
2X2 6000 96 166.353745 0.124629 8343896207778134360064.000000
2X2 6000 192 163.709303 0.253285 8343903777652718174208.000000
2X2 6000 192 162.662313 0.254915 8343905776615940947968.000000
2X2 6000 192 163.506374 0.253599 8343907782448302260224.000000
2X2 6000 192 163.516540 0.253583 8343909781826101575680.000000
2X2 6000 192 163.568170 0.253503 8343911780135334838272.000000
2X2 6000 384 164.983834 0.502656 8343920666202977861632.000000
2X2 6000 384 163.459129 0.507345 8343924261880244207616.000000
2X2 6000 384 164.292900 0.504770 8343927884430606073856.000000
2X2 6000 384 163.657914 0.506729 8343931492330746413056.000000
2X2 6000 384 164.024956 0.505595 8343935113208124145664.000000
2X2 6000 768 166.033863 0.998955 8343946551155405881344.000000
2X2 6000 768 166.058131 0.998809 8343953323652169072640.000000
2X2 6000 768 166.115524 0.998464 8343960090632644460544.000000
2X2 6000 768 165.960312 0.999398 8343966856374667706368.000000
2X2 6000 768 166.067715 0.998751 8343973628742308200448.000000
3X2 1000 24 104.169352 0.001381 8343986711791606431744.000000
3X2 1000 24 129.409849 0.001112 8343987110597491687424.000000
3X2 1000 24 128.976150 0.001115 8343987501536809844736.000000
3X2 1000 24 130.514542 0.001102 8343987889383564902400.000000
3X2 1000 24 128.068372 0.001123 8343988276179171803136.000000
3X2 1000 48 122.505601 0.002349 8343988921127899496448.000000
3X2 1000 48 157.279404 0.001829 8343989321996007636992.000000
3X2 1000 48 151.485651 0.001899 8343989718424819335168.000000
3X2 1000 48 156.007164 0.001844 8343990116086104195072.000000
3X2 1000 48 154.954041 0.001857 8343990509430745595904.000000
3X2 1000 96 137.310478 0.004191 8343991178478635450368.000000
3X2 1000 96 169.994830 0.003385 8343991590141212753920.000000
3X2 1000 96 168.992542 0.003405 8343991998337326776320.000000
3X2 1000 96 169.631158 0.003392 8343992401263394291712.000000
3X2 1000 96 169.341468 0.003398 8343992803093242707968.000000
3X2 1000 192 173.277189 0.006642 8343993518853924585472.000000
3X2 1000 192 180.915386 0.006361 8343993943727660859392.000000
3X2 1000 192 181.017829 0.006358 8343994372160265125888.000000
3X2 1000 192 181.285495 0.006348 8343994796351545147392.000000
3X2 1000 192 181.173023 0.006352 8343995217828473995264.000000
3X2 1000 384 183.084599 0.012572 8343996032811300552704.000000
3X2 1000 384 187.954065 0.012246 8343996496954713440256.000000
3X2 1000 384 187.611842 0.012268 8343996957950259232768.000000
3X2 1000 384 187.321799 0.012287 8343997416811429625856.000000
3X2 1000 384 187.693248 0.012263 8343997874147298377728.000000
3X2 1000 768 188.466343 0.024426 8343998883830788259840.000000
3X2 1000 768 191.110875 0.024088 8343999429442088730624.000000
3X2 1000 768 190.841926 0.024121 8343999966392542560256.000000
3X2 1000 768 191.161206 0.024081 8344000501296913186816.000000
3X2 1000 768 191.035611 0.024097 8344001037235729203200.000000
3X2 2000 24 109.817796 0.005242 8344002168050528813056.000000
3X2 2000 24 128.313927 0.004487 8344002586828905381888.000000
3X2 2000 24 117.598203 0.004896 8344002998929186619392.000000
3X2 2000 24 115.564024 0.004982 8344003409081874251776.000000
3X2 2000 24 114.930996 0.005009 8344003819139265200128.000000
3X2 2000 48 139.474374 0.008255 8344004853432646107136.000000
3X2 2000 48 146.240743 0.007873 8344005293811117850624.000000
3X2 2000 48 145.967309 0.007888 8344005727408927801344.000000
3X2 2000 48 145.239769 0.007928 8344006158221736673280.000000
3X2 2000 48 145.674897 0.007904 8344006589761549500416.000000
3X2 2000 96 161.455215 0.014263 8344007690676395311104.000000
3X2 2000 96 166.589901 0.013823 8344008167565124698112.000000
3X2 2000 96 166.544227 0.013827 8344008637164487180288.000000
3X2 2000 96 166.341486 0.013844 8344009104465329127424.000000
3X2 2000 96 166.331934 0.013845 8344009574954272030720.000000
3X2 2000 192 170.321794 0.027041 8344010790591949438976.000000
3X2 2000 192 179.380848 0.025676 8344011354326298525696.000000
3X2 2000 192 179.579959 0.025647 8344011898602041376768.000000
3X2 2000 192 179.979320 0.025590 8344012442473884286976.000000
3X2 2000 192 179.602963 0.025644 8344012988571801616384.000000
3X2 2000 384 185.423088 0.049678 8344014437560673632256.000000
3X2 2000 384 187.003613 0.049258 8344015139193509380096.000000
3X2 2000 384 186.802092 0.049311 8344015835632525901824.000000
3X2 2000 384 187.289644 0.049183 8344016534492265054208.000000
3X2 2000 384 187.032387 0.049250 8344017228204288770048.000000
3X2 2000 768 186.980314 0.098528 8344019140478126522368.000000
3X2 2000 768 186.047609 0.099022 8344020154999720902656.000000
3X2 2000 768 186.084209 0.099002 8344021167953478156288.000000
3X2 2000 768 186.023769 0.099035 8344022181579044421632.000000
3X2 2000 768 185.888028 0.099107 8344023196682185342976.000000
3X2 3000 24 111.043276 0.011667 8344025409744991682560.000000
3X2 3000 24 117.054131 0.011068 8344025868474769211392.000000
3X2 3000 24 116.971466 0.011076 8344026318634611638272.000000
3X2 3000 24 116.823537 0.011090 8344026769570135015424.000000
3X2 3000 24 116.511570 0.011120 8344027218522398523392.000000
3X2 3000 48 137.630772 0.018827 8344028905746365153280.000000
3X2 3000 48 155.372994 0.016677 8344029406337677918208.000000
3X2 3000 48 154.762671 0.016743 8344029892309690613760.000000
3X2 3000 48 154.811992 0.016737 8344030379043740188672.000000
3X2 3000 48 155.566817 0.016656 8344030864016521822208.000000
3X2 3000 96 164.312813 0.031539 8344032645056330465280.000000
3X2 3000 96 174.364988 0.029721 8344033227290192117760.000000
3X2 3000 96 174.291749 0.029733 8344033799766557065216.000000
3X2 3000 96 173.868949 0.029806 8344034369526510387200.000000
3X2 3000 96 174.755967 0.029654 8344034938862327300096.000000
3X2 3000 192 181.226744 0.057191 8344036920777475358720.000000
3X2 3000 192 186.262643 0.055645 8344037670686650531840.000000
3X2 3000 192 185.328026 0.055925 8344038405682406359040.000000
3X2 3000 192 185.482477 0.055879 8344039142618783809536.000000
3X2 3000 192 185.666117 0.055824 8344039879869428924416.000000
3X2 3000 384 190.637205 0.108736 8344042256795592294400.000000
3X2 3000 384 188.565961 0.109930 8344043334332793749504.000000
3X2 3000 384 188.591396 0.109915 8344044413859640901632.000000
3X2 3000 384 188.618841 0.109899 8344045494103873421312.000000
3X2 3000 384 188.573452 0.109926 8344046575431697039360.000000
3X2 3000 768 184.609188 0.224573 8344049763961626689536.000000
3X2 3000 768 182.381126 0.227316 8344051597811438845952.000000
3X2 3000 768 182.177235 0.227571 8344053430876924542976.000000
3X2 3000 768 181.940597 0.227867 8344055264013842382848.000000
3X2 3000 768 181.677033 0.228197 8344057100066691743744.000000
3X2 4000 24 105.232010 0.021889 8344061744362234576896.000000
3X2 4000 24 113.574457 0.020281 8344062263119950381056.000000
3X2 4000 24 112.756574 0.020428 8344062769811450494976.000000
3X2 4000 24 112.936204 0.020396 8344063278734740815872.000000
3X2 4000 24 113.169359 0.020354 8344063786217633742848.000000
3X2 4000 48 141.435305 0.032572 8344067139637186920448.000000
3X2 4000 48 146.126596 0.031526 8344067728862350409728.000000
3X2 4000 48 146.146182 0.031522 8344068306073266683904.000000
3X2 4000 48 146.437308 0.031460 8344068884131849699328.000000
3X2 4000 48 145.748199 0.031608 8344069461018662666240.000000
3X2 4000 96 166.074425 0.055479 8344072969000952266752.000000
3X2 4000 96 168.729944 0.054606 8344073700439884824576.000000
3X2 4000 96 168.988554 0.054523 8344074426406664142848.000000
3X2 4000 96 168.392845 0.054715 8344075152911683813376.000000
3X2 4000 96 168.475879 0.054689 8344075879283827933184.000000
3X2 4000 192 179.029714 0.102929 8344079697638823297024.000000
3X2 4000 192 181.935808 0.101285 8344080735694072315904.000000
3X2 4000 192 182.226712 0.101123 8344081759559371194368.000000
3X2 4000 192 181.949075 0.101278 8344082783550853611520.000000
3X2 4000 192 182.160033 0.101160 8344083807285854339072.000000
3X2 4000 384 183.900934 0.200406 8344088238683561394176.000000
3X2 4000 384 183.763674 0.200555 8344089900830830886912.000000
3X2 4000 384 183.857576 0.200453 8344091589672904425472.000000
3X2 4000 384 183.867368 0.200442 8344093249091906043904.000000
3X2 4000 384 183.874782 0.200434 8344094908226377613312.000000
3X2 4000 768 180.058251 0.409365 8344100590601692512256.000000
3X2 4000 768 179.086587 0.411586 8344103590420759445504.000000
3X2 4000 768 179.048040 0.411675 8344106602907601731584.000000
3X2 4000 768 178.971426 0.411851 8344109614509934510080.000000
3X2 4000 768 179.013122 0.411755 8344112627850097459200.000000
3X2 5000 24 106.001891 0.033955 8344118965516105678848.000000
3X2 5000 24 116.438336 0.030911 8344119561783458398208.000000
3X2 5000 24 116.328704 0.030941 8344120138788225679360.000000
3X2 5000 24 116.124147 0.030995 8344120713563176173568.000000
3X2 5000 24 116.099938 0.031002 8344121288304519806976.000000
3X2 5000 48 142.558587 0.050495 8344125264815231860736.000000
3X2 5000 48 150.667395 0.047778 8344125966819811917824.000000
3X2 5000 48 150.194124 0.047928 8344126647371323932672.000000
3X2 5000 48 150.139683 0.047946 8344127327515155890176.000000
3X2 5000 48 149.291089 0.048218 8344128008189898653696.000000
3X2 5000 96 160.915317 0.089470 8344132196117220687872.000000
3X2 5000 96 170.849080 0.084268 8344133145818178781184.000000
3X2 5000 96 170.879657 0.084253 8344134061188213374976.000000
3X2 5000 96 170.958220 0.084214 8344134976035823288320.000000
3X2 5000 96 170.692461 0.084345 8344135891099488092160.000000
3X2 5000 192 182.493276 0.157782 8344140499295436537856.000000
3X2 5000 192 183.110506 0.157251 8344141887729672650752.000000
3X2 5000 192 183.102575 0.157257 8344143270193097867264.000000
3X2 5000 192 183.069238 0.157286 8344144653534039638016.000000
3X2 5000 192 183.296927 0.157091 8344146036802621276160.000000
3X2 5000 384 179.667394 0.320528 8344151499641274236928.000000
3X2 5000 384 177.240229 0.324918 8344153931479078928384.000000
3X2 5000 384 177.046064 0.325274 8344156385575270612992.000000
3X2 5000 384 177.008111 0.325344 8344158844557567459328.000000
3X2 5000 384 176.894620 0.325552 8344161303044996202496.000000
3X2 5000 768 178.222341 0.646254 8344168632533849735168.000000
3X2 5000 768 177.687438 0.648200 8344173147854372601856.000000
3X2 5000 768 177.792165 0.647818 8344177671908041424896.000000
3X2 5000 768 177.739055 0.648012 8344182194076916908032.000000
3X2 5000 768 177.919312 0.647355 8344186715329223720960.000000
3X2 6000 24 107.107248 0.048392 8344197219050967793664.000000
3X2 6000 24 109.804238 0.047203 8344197906321457020928.000000
3X2 6000 24 109.810207 0.047201 8344198582182601555968.000000
3X2 6000 24 109.566146 0.047306 8344199257511250886656.000000
3X2 6000 24 109.916230 0.047155 8344199935708566126592.000000
3X2 6000 48 141.201239 0.073415 8344206672983239950336.000000
3X2 6000 48 144.071427 0.071952 8344207518328671961088.000000
3X2 6000 48 144.489242 0.071744 8344208352652380078080.000000
3X2 6000 48 143.998798 0.071989 8344209185540022468608.000000
3X2 6000 48 143.446426 0.072266 8344210020404984545280.000000
3X2 6000 96 164.657216 0.125913 8344217025712903684096.000000
3X2 6000 96 166.573576 0.124465 8344218208658395234304.000000
3X2 6000 96 166.477789 0.124536 8344219380963658956800.000000
3X2 6000 96 166.471132 0.124541 8344220587666706530304.000000
3X2 6000 96 166.434235 0.124569 8344221762447825960960.000000
3X2 6000 192 176.958500 0.234321 8344229344997165498368.000000
3X2 6000 192 170.950286 0.242556 8344231224250030096384.000000
3X2 6000 192 170.879902 0.242656 8344233151883933384704.000000
3X2 6000 192 170.822344 0.242738 8344235079018190209024.000000
3X2 6000 192 170.890267 0.242642 8344237005804610256896.000000
3X2 6000 384 177.076981 0.468328 8344245802896776495104.000000
3X2 6000 384 176.179079 0.470715 8344249176565933408256.000000
3X2 6000 384 175.414432 0.472767 8344252564134239928320.000000
3X2 6000 384 175.485473 0.472576 8344255967442485903360.000000
3X2 6000 384 175.609454 0.472242 8344259367047893352448.000000
3X2 6000 768 179.656228 0.923210 8344270581938802130944.000000
3X2 6000 768 179.271300 0.925192 8344276867720373338112.000000
3X2 6000 768 179.524903 0.923885 8344283161145618989056.000000
3X2 6000 768 179.274042 0.925178 8344289445810733580288.000000
3X2 6000 768 179.253881 0.925282 8344295742491713339392.000000
2X3 1000 24 92.572441 0.001554 8344308378273176354816.000000
2X3 1000 24 124.006310 0.001160 8344308779166784815104.000000
2X3 1000 24 128.663538 0.001118 8344309170157436010496.000000
2X3 1000 24 127.144507 0.001131 8344309557099817336832.000000
2X3 1000 24 125.994734 0.001142 8344309943216326574080.000000
2X3 1000 48 134.268742 0.002143 8344310589363616481280.000000
2X3 1000 48 142.654988 0.002017 8344310989830221725696.000000
2X3 1000 48 146.151974 0.001969 8344311386507371872256.000000
2X3 1000 48 149.660041 0.001922 8344311778784546127872.000000
2X3 1000 48 149.208791 0.001928 8344312170902853779456.000000
2X3 1000 96 139.523448 0.004124 8344312837277820649472.000000
2X3 1000 96 163.165679 0.003527 8344313250811912126464.000000
2X3 1000 96 163.139681 0.003527 8344313655740880388096.000000
2X3 1000 96 163.358005 0.003522 8344314057792916815872.000000
2X3 1000 96 162.869001 0.003533 8344314458545682644992.000000
2X3 1000 192 169.214955 0.006801 8344315184901744754688.000000
2X3 1000 192 175.852815 0.006544 8344315612303835791360.000000
2X3 1000 192 175.294232 0.006565 8344316041289399271424.000000
2X3 1000 192 175.197069 0.006569 8344316467016610349056.000000
2X3 1000 192 174.974252 0.006577 8344316888223748980736.000000
2X3 1000 384 177.963314 0.012934 8344317705408565215232.000000
2X3 1000 384 181.819604 0.012659 8344318172282994294784.000000
2X3 1000 384 182.040237 0.012644 8344318635714779545600.000000
2X3 1000 384 182.159670 0.012636 8344319096540316565504.000000
2X3 1000 384 182.324079 0.012624 8344319556571110572032.000000
2X3 1000 768 183.486395 0.025088 8344320572138446651392.000000
2X3 1000 768 185.576982 0.024806 8344321120108189581312.000000
2X3 1000 768 185.475055 0.024819 8344321665132400738304.000000
2X3 1000 768 185.705748 0.024789 8344322204058275282944.000000
2X3 1000 768 185.424290 0.024826 8344322745667334176768.000000
2X3 2000 24 105.906603 0.005436 8344323883023670968320.000000
2X3 2000 24 123.566762 0.004659 8344324303785088253952.000000
2X3 2000 24 124.982795 0.004606 8344324713881012273152.000000
2X3 2000 24 128.056943 0.004496 8344325128112694099968.000000
2X3 2000 24 125.633720 0.004582 8344325536936764637184.000000
2X3 2000 48 124.261008 0.009266 8344326574093329498112.000000
2X3 2000 48 150.019641 0.007675 8344327020291826909184.000000
2X3 2000 48 150.138870 0.007669 8344327459060662140928.000000
2X3 2000 48 147.896564 0.007785 8344327889732801396736.000000
2X3 2000 48 148.124439 0.007773 8344328319759139471360.000000
2X3 2000 96 152.833310 0.015068 8344329416545327382528.000000
2X3 2000 96 167.006612 0.013789 8344329897505763360768.000000
2X3 2000 96 166.507054 0.013830 8344330370693617156096.000000
2X3 2000 96 167.206220 0.013773 8344330838560666025984.000000
2X3 2000 96 166.987527 0.013791 8344331307025397972992.000000
2X3 2000 192 171.084099 0.026921 8344332520654781808640.000000
2X3 2000 192 177.711823 0.025917 8344333083293891166208.000000
2X3 2000 192 177.817072 0.025901 8344333628508860317696.000000
2X3 2000 192 177.482128 0.025950 8344334175346053087232.000000
2X3 2000 192 177.759122 0.025910 8344334721841907105792.000000
2X3 2000 384 180.886544 0.050924 8344336170631045316608.000000
2X3 2000 384 183.080587 0.050313 8344336884117496922112.000000
2X3 2000 384 183.064789 0.050318 8344337583682844884992.000000
2X3 2000 384 183.093375 0.050310 8344338285165489946624.000000
2X3 2000 384 183.086810 0.050312 8344338985881826230272.000000
2X3 2000 768 183.632994 0.100324 8344340901509954797568.000000
2X3 2000 768 183.091803 0.100620 8344341924889372917760.000000
2X3 2000 768 183.183385 0.100570 8344342947240693727232.000000
2X3 2000 768 183.155479 0.100585 8344343971172700913664.000000
2X3 2000 768 183.220778 0.100550 8344344996241025794048.000000
2X3 3000 24 112.813161 0.011484 8344347215182700740608.000000
2X3 3000 24 120.431635 0.010758 8344347670640175611904.000000
2X3 3000 24 122.313643 0.010592 8344348118429503324160.000000
2X3 3000 24 122.116475 0.010609 8344348566845377216512.000000
2X3 3000 24 122.211175 0.010601 8344349020389826887680.000000
2X3 3000 48 150.176969 0.017254 8344350708321086341120.000000
2X3 3000 48 152.633991 0.016976 8344351200400797335552.000000
2X3 3000 48 155.541716 0.016659 8344351685296562110464.000000
2X3 3000 48 152.653927 0.016974 8344352171887098331136.000000
2X3 3000 48 153.628441 0.016866 8344352656484022091776.000000
2X3 3000 96 168.807778 0.030699 8344354437886191337472.000000
2X3 3000 96 172.948376 0.029964 8344355014721651343360.000000
2X3 3000 96 172.156791 0.030102 8344355586709252997120.000000
2X3 3000 96 173.260391 0.029910 8344356159007779454976.000000
2X3 3000 96 170.765949 0.030347 8344356728675614326784.000000
2X3 3000 192 179.784221 0.057650 8344358716204826755072.000000
2X3 3000 192 183.030282 0.056627 8344359465847425597440.000000
2X3 3000 192 181.169005 0.057209 8344360208778614800384.000000
2X3 3000 192 182.421592 0.056816 8344360953972388790272.000000
2X3 3000 192 181.608751 0.057071 8344361695613548494848.000000
2X3 3000 384 186.591523 0.111093 8344364087645345677312.000000
2X3 3000 384 186.689313 0.111035 8344365179204007886848.000000
2X3 3000 384 186.767354 0.110989 8344366267390798856192.000000
2X3 3000 384 186.525706 0.111133 8344367354395422097408.000000
2X3 3000 384 184.089541 0.112603 8344368441782656040960.000000
2X3 3000 768 185.431051 0.223577 8344371658015200247808.000000
2X3 3000 768 184.071269 0.225229 8344373474911663947776.000000
2X3 3000 768 184.035034 0.225273 8344375297817419186176.000000
2X3 3000 768 184.017785 0.225294 8344377119567712878592.000000
2X3 3000 768 184.053147 0.225251 8344378941646232879104.000000
2X3 4000 24 119.992986 0.019196 8344383541334213918720.000000
2X3 4000 24 124.302479 0.018531 8344384045731276652544.000000
2X3 4000 24 124.319392 0.018528 8344384544721403379712.000000
2X3 4000 24 124.419306 0.018513 8344385041688619384832.000000
2X3 4000 24 122.744420 0.018766 8344385538887279181824.000000
2X3 4000 48 149.911241 0.030731 8344388874457527091200.000000
2X3 4000 48 153.852540 0.029943 8344389453066182590464.000000
2X3 4000 48 153.959210 0.029923 8344390023234316140544.000000
2X3 4000 48 153.870325 0.029940 8344390592241083613184.000000
2X3 4000 48 153.926503 0.029929 8344391161036062851072.000000
2X3 4000 96 170.879211 0.053919 8344394662847843401728.000000
2X3 4000 96 171.577239 0.053700 8344395387546522091520.000000
2X3 4000 96 172.210920 0.053502 8344396107770649116672.000000
2X3 4000 96 172.205925 0.053504 8344396827068219785216.000000
2X3 4000 96 172.569129 0.053391 8344397545161403400192.000000
2X3 4000 192 181.473883 0.101543 8344401551077430788096.000000
2X3 4000 192 182.547682 0.100946 8344402598255811100672.000000
2X3 4000 192 182.074853 0.101208 8344403624955524153344.000000
2X3 4000 192 181.914863 0.101297 8344404650251643781120.000000
2X3 4000 192 181.907735 0.101301 8344405676805618401280.000000
2X3 4000 384 186.368279 0.197752 8344410105366629580800.000000
2X3 4000 384 184.048508 0.200245 8344411750522647740416.000000
2X3 4000 384 184.042193 0.200252 8344413409023545573376.000000
2X3 4000 384 184.042682 0.200251 8344415067479550722048.000000
2X3 4000 384 184.039612 0.200255 8344416728028077359104.000000
2X3 4000 768 186.368693 0.395504 8344422401485616185344.000000
2X3 4000 768 184.889494 0.398668 8344425314245944541184.000000
2X3 4000 768 184.899628 0.398646 8344428244775960838144.000000
2X3 4000 768 184.886444 0.398675 8344431174818329526272.000000
2X3 4000 768 184.926895 0.398588 8344434105019116027904.000000
2X3 5000 24 112.916349 0.031876 8344440397256059781120.000000
2X3 5000 24 116.615333 0.030865 8344440981943433035776.000000
2X3 5000 24 116.178283 0.030981 8344441557893503778816.000000
2X3 5000 24 114.163796 0.031527 8344442133578034184192.000000
2X3 5000 24 116.075136 0.031008 8344442709850835648512.000000
2X3 5000 48 146.126404 0.049263 8344446691310905065472.000000
2X3 5000 48 146.342784 0.049190 8344447385031996866560.000000
2X3 5000 48 146.243790 0.049223 8344448079435186307072.000000
2X3 5000 48 146.061856 0.049284 8344448770154493378560.000000
2X3 5000 48 145.958856 0.049319 8344449462502005145600.000000
2X3 5000 96 165.753716 0.086859 8344453657264347152384.000000
2X3 5000 96 166.333421 0.086556 8344454595073510735872.000000
2X3 5000 96 165.677158 0.086899 8344455525394504744960.000000
2X3 5000 96 166.647998 0.086392 8344456459463902101504.000000
2X3 5000 96 165.812765 0.086828 8344457388692376387584.000000
2X3 5000 192 178.643011 0.161183 8344462013552283090944.000000
2X3 5000 192 173.674063 0.165795 8344463424426209181696.000000
2X3 5000 192 173.685042 0.165784 8344464860812526223360.000000
2X3 5000 192 173.095085 0.166349 8344466297608657174528.000000
2X3 5000 192 173.716560 0.165754 8344467741238793076736.000000
2X3 5000 384 178.147144 0.323264 8344473271091918274560.000000
2X3 5000 384 178.285512 0.323013 8344475722434600763392.000000
2X3 5000 384 178.240711 0.323094 8344478166798074642432.000000
2X3 5000 384 178.259296 0.323060 8344480611642917257216.000000
2X3 5000 384 178.250380 0.323076 8344483055600690790400.000000
2X3 5000 768 184.161829 0.625412 8344490366011855339520.000000
2X3 5000 768 182.750701 0.630241 8344494748837187944448.000000
2X3 5000 768 182.780996 0.630136 8344499159068037873664.000000
2X3 5000 768 182.826215 0.629981 8344503593543138279424.000000
2X3 5000 768 182.788586 0.630110 8344508004130388705280.000000
2X3 6000 24 113.061993 0.045843 8344518381490789154816.000000
2X3 6000 24 106.704202 0.048575 8344519056146152030208.000000
2X3 6000 24 105.338172 0.049205 8344519745503007604736.000000
2X3 6000 24 105.969218 0.048912 8344520439706378305536.000000
2X3 6000 24 106.654825 0.048597 8344521129950717149184.000000
2X3 6000 48 142.975578 0.072504 8344527876583621394432.000000
2X3 6000 48 141.735035 0.073138 8344528720832532316160.000000
2X3 6000 48 140.664383 0.073695 8344529566832360685568.000000
2X3 6000 48 141.589872 0.073213 8344530416143054143488.000000
2X3 6000 48 140.384639 0.073842 8344531263680134774784.000000
2X3 6000 96 165.556512 0.125229 8344538293887593086976.000000
2X3 6000 96 158.651887 0.130679 8344539478242421112832.000000
2X3 6000 96 160.587239 0.129105 8344540689928663597056.000000
2X3 6000 96 158.691821 0.130647 8344541890341364563968.000000
2X3 6000 96 156.620561 0.132374 8344543100328157904896.000000
2X3 6000 192 170.183988 0.243649 8344550710211367665664.000000
2X3 6000 192 169.864282 0.244107 8344552650491222294528.000000
2X3 6000 192 169.810031 0.244185 8344554589815014686720.000000
2X3 6000 192 169.744394 0.244280 8344556527767762501632.000000
2X3 6000 192 169.816406 0.244176 8344558467298709471232.000000
2X3 6000 384 181.166560 0.457757 8344567294001735008256.000000
2X3 6000 384 178.888811 0.463585 8344570605862995886080.000000
2X3 6000 384 178.857874 0.463665 8344573950054436438016.000000
2X3 6000 384 178.868733 0.463637 8344577292771889512448.000000
2X3 6000 384 178.881614 0.463604 8344580635407592456192.000000
2X3 6000 768 185.607892 0.893606 8344591786579602702336.000000
2X3 6000 768 183.865151 0.902076 8344597883756044353536.000000
2X3 6000 768 183.837651 0.902211 8344604034175309185024.000000
2X3 6000 768 183.901511 0.901898 8344610184458672275456.000000
2X3 6000 768 183.856767 0.902117 8344616332615350222848.000000
3X3 1000 24 89.556476 0.001606 8344628877931209293824.000000
3X3 1000 24 124.267363 0.001158 8344629275835094794240.000000
3X3 1000 24 124.994026 0.001151 8344629664824302764032.000000
3X3 1000 24 123.548463 0.001164 8344630052350530158592.000000
3X3 1000 24 125.894285 0.001143 8344630444279189209088.000000
3X3 1000 48 133.303742 0.002158 8344631092572221079552.000000
3X3 1000 48 149.123180 0.001929 8344631492586866999296.000000
3X3 1000 48 148.404907 0.001939 8344631890051322609664.000000
3X3 1000 48 146.853950 0.001959 8344632282584034836480.000000
3X3 1000 48 149.746114 0.001921 8344632674837535391744.000000
3X3 1000 96 152.826698 0.003765 8344633345582537113600.000000
3X3 1000 96 163.893776 0.003511 8344633754255808790528.000000
3X3 1000 96 163.632408 0.003517 8344634163539138838528.000000
3X3 1000 96 163.728087 0.003515 8344634568933639192576.000000
3X3 1000 96 162.945054 0.003531 8344634972295279935488.000000
3X3 1000 192 168.566821 0.006827 8344635691942358810624.000000
3X3 1000 192 175.417888 0.006561 8344636118452626522112.000000
3X3 1000 192 174.902267 0.006580 8344636543004550627328.000000
3X3 1000 192 175.268256 0.006566 8344636969437334863872.000000
3X3 1000 192 175.580231 0.006555 8344637392349183344640.000000
3X3 1000 384 178.417444 0.012901 8344638207540212006912.000000
3X3 1000 384 182.199252 0.012633 8344638675408793894912.000000
3X3 1000 384 182.650918 0.012602 8344639140825097306112.000000
3X3 1000 384 182.274973 0.012628 8344639602281957818368.000000
3X3 1000 384 182.302302 0.012626 8344640063586159296512.000000
3X3 1000 768 183.479689 0.025089 8344641075517903077376.000000
3X3 1000 768 185.904795 0.024762 8344641630936651268096.000000
3X3 1000 768 185.768586 0.024780 8344642173010249252864.000000
3X3 1000 768 185.867932 0.024767 8344642711451715239936.000000
3X3 1000 768 185.817934 0.024774 8344643252005607833600.000000
3X3 2000 24 117.913219 0.004883 8344644388182420357120.000000
3X3 2000 24 127.399281 0.004519 8344644804789973024768.000000
3X3 2000 24 126.278275 0.004559 8344645220278769549312.000000
3X3 2000 24 123.255258 0.004671 8344645631784356151296.000000
3X3 2000 24 124.161384 0.004637 8344646040302171193344.000000
3X3 2000 48 134.004217 0.008592 8344647076491607146496.000000
3X3 2000 48 150.456436 0.007653 8344647520930616049664.000000
3X3 2000 48 149.724918 0.007690 8344647954500522344448.000000
3X3 2000 48 148.524710 0.007752 8344648386055048790016.000000
3X3 2000 48 149.189136 0.007718 8344648815815121960960.000000
3X3 2000 96 152.257655 0.015125 8344649912417531199488.000000
3X3 2000 96 167.289911 0.013766 8344650396598959865856.000000
3X3 2000 96 166.723560 0.013812 8344650867780905598976.000000
3X3 2000 96 167.105902 0.013781 8344651336904544878592.000000
3X3 2000 96 167.182452 0.013774 8344651805759844122624.000000
3X3 2000 192 169.604743 0.027155 8344653018492237250560.000000
3X3 2000 192 178.352571 0.025824 8344653579826123243520.000000
3X3 2000 192 177.856295 0.025896 8344654130819546218496.000000
3X3 2000 192 178.170989 0.025850 8344654678073753468928.000000
3X3 2000 192 177.581121 0.025936 8344655224171339448320.000000
3X3 2000 384 178.884975 0.051493 8344656672338351226880.000000
3X3 2000 384 183.151444 0.050294 8344657388214705717248.000000
3X3 2000 384 183.216412 0.050276 8344658090708691845120.000000
3X3 2000 384 183.224350 0.050274 8344658792706035679232.000000
3X3 2000 384 183.470010 0.050207 8344659494564508205056.000000
3X3 2000 768 184.584061 0.099807 8344661413619958808576.000000
3X3 2000 768 184.635082 0.099779 8344662435942019104768.000000
3X3 2000 768 184.904077 0.099634 8344663453901806108672.000000
3X3 2000 768 184.915301 0.099628 8344664471961889406976.000000
3X3 2000 768 184.851418 0.099663 8344665489651620904960.000000
3X3 3000 24 112.381102 0.011528 8344667702019131179008.000000
3X3 3000 24 123.640704 0.010478 8344668158742776250368.000000
3X3 3000 24 121.124557 0.010696 8344668604850945130496.000000
3X3 3000 24 120.750671 0.010729 8344669056896357892096.000000
3X3 3000 24 120.726513 0.010731 8344669506037133344768.000000
3X3 3000 48 149.106007 0.017378 8344671195544012455936.000000
3X3 3000 48 153.758969 0.016852 8344671690010368409600.000000
3X3 3000 48 155.541324 0.016659 8344672176923669954560.000000
3X3 3000 48 155.718646 0.016640 8344672664177342414848.000000
3X3 3000 48 149.269055 0.017359 8344673149000372715520.000000
3X3 3000 96 168.762793 0.030707 8344674933120126943232.000000
3X3 3000 96 171.247308 0.030262 8344675512112098836480.000000
3X3 3000 96 171.611384 0.030198 8344676086401919352832.000000
3X3 3000 96 172.347838 0.030069 8344676676081574477824.000000
3X3 3000 96 172.177703 0.030098 8344677279121518100480.000000
3X3 3000 192 180.395552 0.057455 8344679283296772816896.000000
3X3 3000 192 182.049454 0.056933 8344680046153918578688.000000
3X3 3000 192 182.028246 0.056939 8344680802501760385024.000000
3X3 3000 192 182.764389 0.056710 8344681555556550311936.000000
3X3 3000 192 183.506646 0.056480 8344682307872633126912.000000
3X3 3000 384 183.243720 0.113123 8344684714385983143936.000000
3X3 3000 384 187.689531 0.110443 8344685830669153075200.000000
3X3 3000 384 188.385820 0.110035 8344686954128479354880.000000
3X3 3000 384 187.959186 0.110285 8344688046884566073344.000000
3X3 3000 384 187.939680 0.110296 8344689140982155837440.000000
3X3 3000 768 188.305845 0.220164 8344692358636150718464.000000
3X3 3000 768 187.715280 0.220857 8344694161224925970432.000000
3X3 3000 768 187.747987 0.220818 8344695964582946013184.000000
3X3 3000 768 187.747536 0.220819 8344697766381197721600.000000
3X3 3000 768 187.650197 0.220933 8344699567847816298496.000000
3X3 4000 24 123.171569 0.018701 8344704182973026533376.000000
3X3 4000 24 126.685903 0.018182 8344704694581703213056.000000
3X3 4000 24 125.003934 0.018427 8344705198034088099840.000000
3X3 4000 24 125.204262 0.018397 8344705704367381020672.000000
3X3 4000 24 125.884300 0.018298 8344706207182318731264.000000
3X3 4000 48 151.310861 0.030446 8344709603640039440384.000000
3X3 4000 48 153.381188 0.030035 8344710187191298424832.000000
3X3 4000 48 154.299832 0.029856 8344710765232307306496.000000
3X3 4000 48 154.845762 0.029751 8344711342644386594816.000000
3X3 4000 48 153.241524 0.030063 8344711920634795393024.000000
3X3 4000 96 172.958923 0.053271 8344715449227748048896.000000
3X3 4000 96 173.645836 0.053060 8344716179123793297408.000000
3X3 4000 96 173.531864 0.053095 8344716904759340040192.000000
3X3 4000 96 174.058076 0.052935 8344717629207784456192.000000
3X3 4000 96 173.489504 0.053108 8344718352053606285312.000000
3X3 4000 192 179.419941 0.102705 8344722190270614994944.000000
3X3 4000 192 184.312928 0.099979 8344723252587636195328.000000
3X3 4000 192 184.126532 0.100080 8344724279367009566720.000000
3X3 4000 192 183.996163 0.100151 8344725307256769347584.000000
3X3 4000 192 183.419596 0.100466 8344726333817881624576.000000
3X3 4000 384 189.399546 0.194587 8344730789468830695424.000000
3X3 4000 384 187.260813 0.196810 8344732424385643675648.000000
3X3 4000 384 187.147789 0.196929 8344734070714723729408.000000
3X3 4000 384 187.160500 0.196915 8344735716456152432640.000000
3X3 4000 384 187.132491 0.196945 8344737362864839327744.000000
3X3 4000 768 190.969980 0.385975 8344743048676867309568.000000
3X3 4000 768 189.908985 0.388131 8344745907335291994112.000000
3X3 4000 768 189.931167 0.388086 8344748774261539209216.000000
3X3 4000 768 189.909447 0.388130 8344751641805161758720.000000
3X3 4000 768 189.939662 0.388068 8344754509113162989568.000000
3X3 5000 24 114.187537 0.031521 8344760749822394236928.000000
3X3 5000 24 114.800733 0.031352 8344761338799939649536.000000
3X3 5000 24 116.757661 0.030827 8344761923599869149184.000000
3X3 5000 24 115.880426 0.031060 8344762503137591296000.000000
3X3 5000 24 116.193169 0.030977 8344763084637413048320.000000
3X3 5000 48 146.623639 0.049095 8344767110458254557184.000000
3X3 5000 48 146.823754 0.049029 8344767808683781390336.000000
3X3 5000 48 146.306025 0.049202 8344768504290244296704.000000
3X3 5000 48 146.527913 0.049128 8344769201461950152704.000000
3X3 5000 48 146.341371 0.049190 8344769896723229179904.000000
3X3 5000 96 167.380034 0.086015 8344774138975302451200.000000
3X3 5000 96 167.411771 0.085998 8344775074159225995264.000000
3X3 5000 96 167.246029 0.086083 8344776006484621262848.000000
3X3 5000 96 167.678701 0.085861 8344776938986967924736.000000
3X3 5000 96 167.142637 0.086137 8344777868593514676224.000000
3X3 5000 192 178.467605 0.161342 8344782543687060029440.000000
3X3 5000 192 178.869615 0.160979 8344783961253304336384.000000
3X3 5000 192 179.321009 0.160574 8344785373646781677568.000000
3X3 5000 192 175.614668 0.163963 8344786783263206146048.000000
3X3 5000 192 178.598188 0.161224 8344788214495806750720.000000
3X3 5000 384 183.620650 0.313627 8344793758135271555072.000000
3X3 5000 384 182.344897 0.315822 8344796149486353121280.000000
3X3 5000 384 182.320515 0.315864 8344798551206938017792.000000
3X3 5000 384 182.430897 0.315673 8344800952633998180352.000000
3X3 5000 384 182.315591 0.315872 8344803354551044276224.000000
3X3 5000 768 188.165408 0.612105 8344810649130878631936.000000
3X3 5000 768 187.533774 0.614166 8344814951169943142400.000000
3X3 5000 768 187.697106 0.613632 8344819263216016162816.000000
3X3 5000 768 187.600518 0.613948 8344823575396374020096.000000
3X3 5000 768 187.492416 0.614302 8344827888009860874240.000000
3X3 6000 24 113.134790 0.045814 8344838199697637113856.000000
3X3 6000 24 109.218849 0.047456 8344838874618622115840.000000
3X3 6000 24 107.627549 0.048158 8344839558096337502208.000000
3X3 6000 24 109.680956 0.047256 8344840247807956746240.000000
3X3 6000 24 107.340157 0.048287 8344840930037751349248.000000
3X3 6000 48 144.067997 0.071954 8344847690774759866368.000000
3X3 6000 48 140.810829 0.073618 8344848532701901225984.000000
3X3 6000 48 141.378153 0.073323 8344849383419138801664.000000
3X3 6000 48 141.176115 0.073428 8344850232452315086848.000000
3X3 6000 48 141.120789 0.073457 8344851080944779526144.000000
3X3 6000 96 165.840674 0.125015 8344858128946724601856.000000
3X3 6000 96 164.114360 0.126330 8344859311647068520448.000000
3X3 6000 96 162.460153 0.127616 8344860498570311106560.000000
3X3 6000 96 163.434069 0.126856 8344861694159385264128.000000
3X3 6000 96 162.922492 0.127254 8344862883825714200576.000000
3X3 6000 192 178.705104 0.232031 8344870503172812046336.000000
3X3 6000 192 173.266461 0.239314 8344872369528214913024.000000
3X3 6000 192 173.211758 0.239390 8344874279818057744384.000000
3X3 6000 192 173.227630 0.239368 8344876189559572922368.000000
3X3 6000 192 173.249867 0.239337 8344878101766818758656.000000
3X3 6000 384 182.285908 0.454946 8344886935913519644672.000000
3X3 6000 384 182.272004 0.454980 8344890228080732274688.000000
3X3 6000 384 182.269083 0.454988 8344893517858930163712.000000
3X3 6000 384 182.284633 0.454949 8344896807454425219072.000000
3X3 6000 384 182.284560 0.454949 8344900098214196150272.000000
3X3 6000 768 188.993607 0.877598 8344911231644275310592.000000
3X3 6000 768 188.828923 0.878363 8344917228946734448640.000000
3X3 6000 768 188.835710 0.878331 8344923233904961257472.000000
3X3 6000 768 188.851624 0.878257 8344929236533145239552.000000
3X3 6000 768 188.884846 0.878103 8344935239352031641600.000000
2X4 1000 24 97.989477 0.001468 8344947527686702497792.000000
2X4 1000 24 128.511588 0.001119 8344947945728873857024.000000
2X4 1000 24 127.770011 0.001126 8344948342734152794112.000000
2X4 1000 24 133.561358 0.001077 8344948739918293630976.000000
2X4 1000 24 130.310132 0.001104 8344949136669714415616.000000
2X4 1000 48 137.725626 0.002089 8344949790997315846144.000000
2X4 1000 48 151.522110 0.001899 8344950199313737187328.000000
2X4 1000 48 149.513361 0.001924 8344950605473710604288.000000
2X4 1000 48 152.545284 0.001886 8344951007600393060352.000000
2X4 1000 48 152.608316 0.001885 8344951406924423757824.000000
2X4 1000 96 149.803187 0.003841 8344952088476934733824.000000
2X4 1000 96 170.597752 0.003373 8344952510203608170496.000000
2X4 1000 96 170.529398 0.003374 8344952943151901835264.000000
2X4 1000 96 171.268612 0.003360 8344953359817092628480.000000
2X4 1000 96 169.737237 0.003390 8344953772133140398080.000000
2X4 1000 192 174.077141 0.006611 8344954502285294043136.000000
2X4 1000 192 182.070736 0.006321 8344954937893937217536.000000
2X4 1000 192 179.188780 0.006423 8344955369501703012352.000000
2X4 1000 192 181.813069 0.006330 8344955801865025486848.000000
2X4 1000 192 182.010208 0.006323 8344956232844083986432.000000
2X4 1000 384 184.535206 0.012473 8344957058447591866368.000000
2X4 1000 384 188.272863 0.012225 8344957533843187826688.000000
2X4 1000 384 188.277930 0.012225 8344958000366037762048.000000
2X4 1000 384 188.142575 0.012234 8344958473580579913728.000000
2X4 1000 384 188.059934 0.012239 8344958944165700304896.000000
2X4 1000 768 186.424964 0.024693 8344959962979504226304.000000
2X4 1000 768 191.552533 0.024032 8344960517968997908480.000000
2X4 1000 768 191.637650 0.024021 8344961066776447156224.000000
2X4 1000 768 191.651469 0.024020 8344961615324845703168.000000
2X4 1000 768 191.544809 0.024033 8344962159735981735936.000000
2X4 2000 24 103.539458 0.005560 8344963306692978671616.000000
2X4 2000 24 131.327429 0.004384 8344963740038793789440.000000
2X4 2000 24 133.030230 0.004328 8344964160957771153408.000000
2X4 2000 24 130.355957 0.004416 8344964577291886657536.000000
2X4 2000 24 131.134337 0.004390 8344964994060059148288.000000
2X4 2000 48 144.984940 0.007942 8344966042447496871936.000000
2X4 2000 48 157.886574 0.007293 8344966486886430277632.000000
2X4 2000 48 158.016429 0.007287 8344966925655082008576.000000
2X4 2000 48 157.811507 0.007296 8344967359295234506752.000000
2X4 2000 48 158.091127 0.007283 8344967796892974972928.000000
2X4 2000 96 154.205518 0.014934 8344968905054344970240.000000
2X4 2000 96 174.510297 0.013196 8344969397526631284736.000000
2X4 2000 96 173.945543 0.013239 8344969874314499194880.000000
2X4 2000 96 175.147933 0.013148 8344970349915866660864.000000
2X4 2000 96 174.252669 0.013216 8344970822909012475904.000000
2X4 2000 192 180.123714 0.025570 8344972045979982233600.000000
2X4 2000 192 184.649180 0.024943 8344972607723793285120.000000
2X4 2000 192 184.562681 0.024955 8344973159279653552128.000000
2X4 2000 192 184.407571 0.024976 8344973706475281055744.000000
2X4 2000 192 184.319550 0.024988 8344974257229062471680.000000
2X4 2000 384 184.156557 0.050019 8344975710939081867264.000000
2X4 2000 384 189.667988 0.048566 8344976424473162940416.000000
2X4 2000 384 189.502307 0.048608 8344977130689319141376.000000
2X4 2000 384 189.558459 0.048594 8344977831338197385216.000000
2X4 2000 384 189.619738 0.048578 8344978532711820951552.000000
2X4 2000 768 189.782301 0.097073 8344980449444201758720.000000
2X4 2000 768 191.839856 0.096032 8344981465340402728960.000000
2X4 2000 768 191.855768 0.096024 8344982470069862793216.000000
2X4 2000 768 191.770284 0.096067 8344983473656487215104.000000
2X4 2000 768 191.839172 0.096032 8344984476608752517120.000000
2X4 3000 24 120.550968 0.010747 8344986681162466328576.000000
2X4 3000 24 130.511400 0.009927 8344987140729936543744.000000
2X4 3000 24 131.475821 0.009854 8344987591003259011072.000000
2X4 3000 24 129.134633 0.010033 8344988041970833162240.000000
2X4 3000 24 130.102750 0.009958 8344988492259796189184.000000
2X4 3000 48 151.876796 0.017061 8344990190459115536384.000000
2X4 3000 48 156.252001 0.016583 8344990690338997796864.000000
2X4 3000 48 156.434566 0.016564 8344991182623844859904.000000
2X4 3000 48 155.547001 0.016658 8344991677135207792640.000000
2X4 3000 48 157.096586 0.016494 8344992172199752237056.000000
2X4 3000 96 169.654401 0.030546 8344993973162012049408.000000
2X4 3000 96 174.193209 0.029750 8344994561004343918592.000000
2X4 3000 96 174.012272 0.029781 8344995138583425712128.000000
2X4 3000 96 174.008176 0.029782 8344995717160790654976.000000
2X4 3000 96 174.396880 0.029715 8344996293897929883648.000000
2X4 3000 192 181.889483 0.056983 8344998297695145689088.000000
2X4 3000 192 183.959659 0.056341 8344999051729489100800.000000
2X4 3000 192 183.878531 0.056366 8344999799091663732736.000000
2X4 3000 192 183.881803 0.056365 8345000547076769054720.000000
2X4 3000 192 183.894981 0.056361 8345001293266347360256.000000
2X4 3000 384 188.032269 0.110242 8345003698023022198784.000000
2X4 3000 384 188.861515 0.109758 8345004792795583479808.000000
2X4 3000 384 188.996664 0.109680 8345005882329486327808.000000
2X4 3000 384 189.107797 0.109615 8345006972215665623040.000000
2X4 3000 384 185.838285 0.111544 8345008060520277737472.000000
2X4 3000 768 188.990992 0.219366 8345011284948314750976.000000
2X4 3000 768 190.413707 0.217727 8345013078575856746496.000000
2X4 3000 768 190.268890 0.217893 8345014859262383357952.000000
2X4 3000 768 190.284398 0.217875 8345016640820098367488.000000
2X4 3000 768 190.465359 0.217668 8345018421543203504128.000000
2X4 4000 24 122.032560 0.018875 8345023021771885903872.000000
2X4 4000 24 126.904966 0.018151 8345023530221673906176.000000
2X4 4000 24 127.195008 0.018109 8345024030897244995584.000000
2X4 4000 24 128.031831 0.017991 8345024531344721444864.000000
2X4 4000 24 126.793414 0.018167 8345025031582514151424.000000
2X4 4000 48 151.664754 0.030375 8345028407421407592448.000000
2X4 4000 48 153.312365 0.030049 8345028990089241296896.000000
2X4 4000 48 154.110629 0.029893 8345029566777883885568.000000
2X4 4000 48 154.671803 0.029785 8345030143253137063936.000000
2X4 4000 48 155.500143 0.029626 8345030719366368329728.000000
2X4 4000 96 171.140982 0.053837 8345034233019333869568.000000
2X4 4000 96 172.909002 0.053286 8345034963436347326464.000000
2X4 4000 96 172.420429 0.053437 8345035688761045811200.000000
2X4 4000 96 172.562717 0.053393 8345036414039713906688.000000
2X4 4000 96 172.627379 0.053373 8345037139128915853312.000000
2X4 4000 192 178.569899 0.103194 8345040964135097991168.000000
2X4 4000 192 182.677059 0.100874 8345042018352790241280.000000
2X4 4000 192 182.534639 0.100953 8345043049854762221568.000000
2X4 4000 192 182.824562 0.100793 8345044081359153266688.000000
2X4 4000 192 182.763323 0.100827 8345045110351146778624.000000
2X4 4000 384 186.737694 0.197361 8345049539566912929792.000000
2X4 4000 384 186.719231 0.197381 8345051188269452099584.000000
2X4 4000 384 186.899246 0.197191 8345052834373201559552.000000
2X4 4000 384 186.681451 0.197421 8345054480338876628992.000000
2X4 4000 384 186.670455 0.197432 8345056128229047271424.000000
2X4 4000 768 188.689837 0.390639 8345061805678582038528.000000
2X4 4000 768 188.618815 0.390786 8345064694612336050176.000000
2X4 4000 768 188.585998 0.390854 8345067579944127692800.000000
2X4 4000 768 188.429553 0.391178 8345070465595977236480.000000
2X4 4000 768 185.897780 0.396506 8345073353489985306624.000000
2X4 5000 24 119.829337 0.030037 8345079642982464880640.000000
2X4 5000 24 114.506636 0.031433 8345080221024470958080.000000
2X4 5000 24 116.977162 0.030769 8345080805081823051776.000000
2X4 5000 24 117.687527 0.030583 8345081382650434813952.000000
2X4 5000 24 115.039491 0.031287 8345081960083568459776.000000
2X4 5000 48 149.161226 0.048260 8345085961841909170176.000000
2X4 5000 48 147.136299 0.048924 8345086656058689060864.000000
2X4 5000 48 145.985250 0.049310 8345087351170321612800.000000
2X4 5000 48 147.051229 0.048953 8345088046939810824192.000000
2X4 5000 48 146.684858 0.049075 8345088742518663675904.000000
2X4 5000 96 167.980286 0.085707 8345092969631974424576.000000
2X4 5000 96 167.813051 0.085793 8345093903630800519168.000000
2X4 5000 96 167.906332 0.085745 8345094836606971412480.000000
2X4 5000 96 167.535896 0.085935 8345095768282321911808.000000
2X4 5000 96 167.578345 0.085913 8345096701029975588864.000000
2X4 5000 192 179.539182 0.160379 8345101365314629664768.000000
2X4 5000 192 176.728144 0.162930 8345102775578119897088.000000
2X4 5000 192 177.050192 0.162633 8345104200529685250048.000000
2X4 5000 192 177.882028 0.161873 8345105622890388127744.000000
2X4 5000 192 177.373007 0.162337 8345107039756723683328.000000
2X4 5000 384 183.713175 0.313470 8345112568773342134272.000000
2X4 5000 384 183.014842 0.314666 8345114959231723765760.000000
2X4 5000 384 183.015717 0.314664 8345117355277785497600.000000
2X4 5000 384 182.992243 0.314704 8345119750181053530112.000000
2X4 5000 384 183.070759 0.314570 8345122144368625451008.000000
2X4 5000 768 187.881216 0.613031 8345129426501345738752.000000
2X4 5000 768 187.335189 0.614818 8345133734838693527552.000000
2X4 5000 768 187.517870 0.614219 8345138050881982300160.000000
2X4 5000 768 187.349219 0.614771 8345142363595404738560.000000
2X4 5000 768 187.320807 0.614865 8345146681060344463360.000000
2X4 6000 24 116.219101 0.044598 8345156996148555153408.000000
2X4 6000 24 106.501923 0.048667 8345157662864899571712.000000
2X4 6000 24 107.273588 0.048317 8345158353833213034496.000000
2X4 6000 24 107.366228 0.048275 8345159041850525351936.000000
2X4 6000 24 107.850963 0.048058 8345159729805723172864.000000
2X4 6000 48 150.966484 0.068666 8345166496107783520256.000000
2X4 6000 48 139.458441 0.074332 8345167317818911227904.000000
2X4 6000 48 138.761973 0.074705 8345168174726842941440.000000
2X4 6000 48 140.005710 0.074042 8345169031794550374400.000000
2X4 6000 48 140.895259 0.073574 8345169883810865610752.000000
2X4 6000 96 170.819095 0.121371 8345176932609217789952.000000
2X4 6000 96 163.606790 0.126722 8345178092171127947264.000000
2X4 6000 96 164.935468 0.125701 8345179281670786777088.000000
2X4 6000 96 164.111035 0.126332 8345180466095000125440.000000
2X4 6000 96 163.400049 0.126882 8345181654321525161984.000000
2X4 6000 192 181.902763 0.227952 8345189278095119482880.000000
2X4 6000 192 176.868013 0.234441 8345191119458163228672.000000
2X4 6000 192 176.911064 0.234384 8345192997754646822912.000000
2X4 6000 192 176.924306 0.234366 8345194875074615705600.000000
2X4 6000 192 176.948006 0.234335 8345196752832176324608.000000
2X4 6000 384 186.383556 0.444944 8345205540596298547200.000000
2X4 6000 384 186.911323 0.443687 8345208770803704791040.000000
2X4 6000 384 186.868154 0.443790 8345211998377647013888.000000
2X4 6000 384 186.877419 0.443768 8345215217733419925504.000000
2X4 6000 384 186.865448 0.443796 8345218436992433389568.000000
2X4 6000 768 191.337345 0.866848 8345229491359744786432.000000
2X4 6000 768 192.075044 0.863518 8345235420810563289088.000000
2X4 6000 768 191.837413 0.864588 8345241326499089350656.000000
2X4 6000 768 191.808467 0.864719 8345247239739203911680.000000
2X4 6000 768 191.856671 0.864501 8345253154068642136064.000000
