2X1 1536 24 61.835643 0.005491 17224854110282856448.000000
2X1 1536 48 88.131272 0.007705 17228278954009210880.000000
2X1 1536 96 103.481064 0.013124 17231768207620347904.000000
2X1 1536 192 117.334014 0.023149 17235265662562275328.000000
2X1 2304 24 79.376537 0.009626 17239164398124136448.000000
2X1 2304 48 99.625957 0.015339 17243015017682010112.000000
2X1 2304 96 106.564888 0.028680 17246856361822740480.000000
2X1 2304 192 110.868190 0.055134 17250891104942604288.000000
2X1 3072 24 98.650832 0.013771 17255114829742614528.000000
2X1 3072 48 116.201598 0.023382 17259131861618579456.000000
2X1 3072 96 124.678907 0.043584 17263218123359852544.000000
2X1 3072 192 126.562618 0.085871 17267526111234050048.000000
2X1 3840 24 93.799152 0.022631 17272755956482990080.000000
2X1 3840 48 106.593762 0.039830 17277574186200451072.000000
2X1 3840 96 115.223283 0.073694 17282557354860079104.000000
2X1 3840 192 106.392556 0.159621 17287863195023616000.000000
3X1 1536 24 63.482099 0.005348 17294279736648376320.000000
3X1 1536 48 106.583890 0.006371 17297667613739776000.000000
3X1 1536 96 144.958712 0.009369 17301099467372982272.000000
3X1 1536 192 152.987650 0.017754 17304622851254429696.000000
3X1 2304 24 92.557176 0.008255 17308474188393050112.000000
3X1 2304 48 132.206157 0.011559 17312220398669742080.000000
3X1 2304 96 159.659611 0.019143 17316030885436014592.000000
3X1 2304 192 163.761742 0.037326 17319972779837315072.000000
3X1 3072 24 118.698134 0.011445 17324177471671881728.000000
3X1 3072 48 156.485564 0.017363 17328220769088919552.000000
3X1 3072 96 175.381247 0.030984 17332297389646684160.000000
3X1 3072 192 165.314076 0.065742 17336513438664683520.000000
3X1 3840 24 115.611698 0.018362 17341657677748273152.000000
3X1 3840 48 152.737687 0.027797 17346566135378030592.000000
3X1 3840 96 169.856502 0.049991 17351476109385349120.000000
3X1 3840 192 126.702824 0.134034 17356655030169595904.000000
2X2 1536 24 71.409990 0.004754 17362858527382628352.000000
2X2 1536 48 109.901144 0.006179 17366288150071949312.000000
2X2 1536 96 155.837145 0.008715 17369821378720886784.000000
2X2 1536 192 177.104829 0.015336 17373318949022810112.000000
2X2 2304 24 91.800981 0.008323 17377140083257354240.000000
2X2 2304 48 145.016722 0.010538 17380883877982162944.000000
2X2 2304 96 177.319713 0.017236 17384682215552249856.000000
2X2 2304 192 189.429652 0.032269 17388596226658942976.000000
2X2 3072 24 130.325228 0.010424 17392674668016623616.000000
2X2 3072 48 177.455957 0.015311 17396733815199270912.000000
2X2 3072 96 198.856884 0.027326 17400776352795541504.000000
2X2 3072 192 189.680539 0.057297 17404951913770762240.000000
2X2 3840 24 120.764883 0.017578 17410080656976732160.000000
2X2 3840 48 157.890557 0.026890 17414948514288537600.000000
2X2 3840 96 184.601627 0.045998 17419903103781605376.000000
2X2 3840 192 153.326367 0.110761 17425056598186379264.000000
3X2 1536 24 80.478284 0.004219 17431183112971202560.000000
3X2 1536 48 118.647799 0.005723 17434609043340705792.000000
3X2 1536 96 163.512580 0.008306 17438055748480368640.000000
3X2 1536 192 177.268258 0.015322 17441601549544669184.000000
3X2 2304 24 107.388394 0.007115 17445423294358390784.000000
3X2 2304 48 153.404670 0.009962 17449182204768837632.000000
3X2 2304 96 180.328331 0.016949 17453000117038747648.000000
3X2 2304 192 194.471636 0.031432 17456880223980744704.000000
3X2 3072 24 149.381157 0.009094 17460947968506961920.000000
3X2 3072 48 179.484447 0.015138 17464922305268244480.000000
3X2 3072 96 205.673499 0.026421 17468959587575179264.000000
3X2 3072 192 200.861435 0.054107 17473215890344761344.000000
3X2 3840 24 124.005920 0.017119 17478318655849623552.000000
3X2 3840 48 153.414892 0.027674 17483154333515038720.000000
3X2 3840 96 190.465984 0.044581 17488107260761794560.000000
3X2 3840 192 165.334068 0.102716 17493331796020166656.000000
2X3 1536 24 76.065226 0.004464 17499376708959922176.000000
2X3 1536 48 105.890315 0.006413 17502804179898947584.000000
2X3 1536 96 148.171567 0.009166 17506219894966564864.000000
2X3 1536 192 183.731948 0.014783 17509791722474371072.000000
2X3 2304 24 87.731822 0.008709 17513581584889675776.000000
2X3 2304 48 152.522618 0.010019 17517331822180560896.000000
2X3 2304 96 181.573479 0.016832 17521229187176095744.000000
2X3 2304 192 177.237229 0.034488 17525124294962141184.000000
2X3 3072 24 147.438956 0.009214 17529227676075372544.000000
2X3 3072 48 177.715328 0.015289 17533262380193636352.000000
2X3 3072 96 186.292074 0.029170 17537297285118291968.000000
2X3 3072 192 172.713973 0.062925 17541488100543950848.000000
2X3 3840 24 105.170980 0.020184 17546585175239499776.000000
2X3 3840 48 170.006186 0.024973 17551445802663667712.000000
2X3 3840 96 170.258820 0.049873 17556371059838205952.000000
2X3 3840 192 173.648009 0.097798 17561568562151247872.000000
3X3 1536 24 70.168528 0.004839 17567656865744314368.000000
3X3 1536 48 115.236422 0.005893 17571079895864358912.000000
3X3 1536 96 149.411062 0.009089 17574534252798844928.000000
3X3 1536 192 183.917693 0.014768 17578001932235059200.000000
3X3 2304 24 93.419829 0.008179 17581885656143269888.000000
3X3 2304 48 154.952746 0.009862 17585679695351975936.000000
3X3 2304 96 187.957257 0.016261 17589453642004877312.000000
3X3 2304 192 204.655156 0.029868 17593347922712555520.000000
3X3 3072 24 151.998211 0.008938 17597440333880745984.000000
3X3 3072 48 179.039897 0.015176 17601648379782328320.000000
3X3 3072 96 209.477888 0.025941 17605684234716547072.000000
3X3 3072 192 206.382197 0.052660 17609860142981335040.000000
3X3 3840 24 140.705526 0.015087 17614919462440394752.000000
3X3 3840 48 184.055144 0.023067 17619815150995597312.000000
3X3 3840 96 202.126518 0.042010 17624820656338923520.000000
3X3 3840 192 209.446860 0.081083 17629948732216913920.000000
2X4 1536 24 64.408796 0.005271 17635959535013978112.000000
2X4 1536 48 125.376087 0.005416 17639356771221714944.000000
2X4 1536 96 145.797377 0.009315 17642798298934439936.000000
2X4 1536 192 183.519816 0.014800 17646376071299551232.000000
2X4 2304 24 85.336507 0.008954 17650141818400868352.000000
2X4 2304 48 150.783316 0.010135 17653873256921497600.000000
2X4 2304 96 182.111046 0.016783 17657738772017819648.000000
2X4 2304 192 189.558947 0.032247 17661640395349131264.000000
2X4 3072 24 144.832277 0.009380 17665763439110987776.000000
2X4 3072 48 173.014834 0.015704 17669707364731394048.000000
2X4 3072 96 189.010291 0.028750 17673752677495517184.000000
2X4 3072 192 198.722468 0.054690 17677938279622246400.000000
2X4 3840 24 127.247067 0.016683 17682966427594833920.000000
2X4 3840 48 172.224165 0.024652 17687872036002355200.000000
2X4 3840 96 191.513068 0.044338 17692802637752616960.000000
2X4 3840 192 198.937325 0.085366 17697909482809282560.000000
