3X1 1000 96 169.503139 0.003395 24007373854017646592.000000
3X1 1000 96 174.857277 0.003291 24007739444860170240.000000
3X1 1000 96 190.951329 0.003013 24008098845917396992.000000
3X1 1000 96 226.679819 0.002538 24008468004055748608.000000
3X1 1000 96 211.994466 0.002714 24008835713918959616.000000
3X1 1000 192 220.089206 0.005229 24009320772832301056.000000
3X1 1000 192 236.601031 0.004864 24009703634368360448.000000
3X1 1000 192 214.344303 0.005369 24010080483226320896.000000
3X1 1000 192 258.319503 0.004455 24010461215424880640.000000
3X1 1000 192 232.991972 0.004939 24010849143123881984.000000
3X1 1000 384 239.208525 0.009622 24011397942450044928.000000
3X1 1000 384 263.966225 0.008720 24011815529136365568.000000
3X1 1000 384 250.001874 0.009207 24012222991317590016.000000
3X1 1000 384 262.725792 0.008761 24012629711982059520.000000
3X1 1000 384 253.672650 0.009073 24013032469331513344.000000
3X1 2000 96 243.346496 0.009463 24013759778907947008.000000
3X1 2000 96 246.596967 0.009339 24014169333095473152.000000
3X1 2000 96 238.676128 0.009648 24014575591052754944.000000
3X1 2000 96 245.684711 0.009373 24014982012978040832.000000
3X1 2000 96 244.548118 0.009417 24015383499869962240.000000
3X1 2000 192 261.525885 0.017611 24016173857641652224.000000
3X1 2000 192 270.134264 0.017050 24016638150277636096.000000
3X1 2000 192 275.154211 0.016739 24017092001896546304.000000
3X1 2000 192 265.115182 0.017372 24017550060561637376.000000
3X1 2000 192 265.438186 0.017351 24018004879674900480.000000
3X1 2000 384 278.102116 0.033122 24018924993152090112.000000
3X1 2000 384 282.972131 0.032552 24019488995069501440.000000
3X1 2000 384 278.389437 0.033088 24020043086593789952.000000
3X1 2000 384 283.206084 0.032525 24020600617669918720.000000
3X1 2000 384 278.964267 0.033020 24021156964912496640.000000
3X1 3000 96 268.940525 0.019269 24022420126884536320.000000
3X1 3000 96 267.882077 0.019345 24022888234969927680.000000
3X1 3000 96 266.324947 0.019458 24023352698882707456.000000
3X1 3000 96 269.094154 0.019258 24023818362341015552.000000
3X1 3000 96 266.243098 0.019464 24024281860237848576.000000
3X1 3000 192 280.026784 0.037013 24025525862076448768.000000
3X1 3000 192 282.415590 0.036700 24026110998994399232.000000
3X1 3000 192 283.011053 0.036622 24026686755618398208.000000
3X1 3000 192 283.815939 0.036519 24027262480504819712.000000
3X1 3000 192 282.657037 0.036668 24027838939919196160.000000
3X1 3000 384 290.297975 0.071406 24029316207896526848.000000
3X1 3000 384 289.992640 0.071481 24030118287811624960.000000
3X1 3000 384 290.016586 0.071476 24030917053845286912.000000
3X1 3000 384 290.720292 0.071303 24031715021357391872.000000
3X1 3000 384 291.176169 0.071191 24032517958853230592.000000
3X1 4000 96 266.977507 0.034511 24034606606780809216.000000
3X1 4000 96 268.896756 0.034265 24035166112026439680.000000
3X1 4000 96 279.559364 0.032958 24035723942315335680.000000
3X1 4000 96 271.907298 0.033885 24036273791087849472.000000
3X1 4000 96 267.167933 0.034487 24036826097441038336.000000
3X1 4000 192 281.948774 0.065357 24038772624274903040.000000
3X1 4000 192 287.441460 0.064108 24039529485376266240.000000
3X1 4000 192 286.156326 0.064396 24040275419297374208.000000
3X1 4000 192 289.129822 0.063734 24041026121589436416.000000
3X1 4000 192 287.469047 0.064102 24041778323273428992.000000
3X1 4000 384 292.165952 0.126143 24044068101821333504.000000
3X1 4000 384 292.294172 0.126088 24045211266154573824.000000
3X1 4000 384 294.360182 0.125203 24046361689079459840.000000
3X1 4000 384 294.735716 0.125043 24047508209809330176.000000
3X1 4000 384 287.950395 0.127990 24048652574859309056.000000
3X1 5000 96 270.446624 0.053235 24051830296498827264.000000
3X1 5000 96 272.315375 0.052869 24052505559671463936.000000
3X1 5000 96 274.665142 0.052417 24053172913468493824.000000
3X1 5000 96 272.549512 0.052824 24053840948897497088.000000
3X1 5000 96 270.508734 0.053222 24054516460230115328.000000
3X1 5000 192 285.738442 0.100771 24057308250196131840.000000
3X1 5000 192 285.604810 0.100818 24058287986844745728.000000
3X1 5000 192 285.310807 0.100922 24059263156274376704.000000
3X1 5000 192 286.032302 0.100668 24060243787636551680.000000
3X1 5000 192 285.402639 0.100890 24061223436893200384.000000
3X1 5000 384 293.880802 0.195959 24064514951326986240.000000
3X1 5000 384 293.927616 0.195927 24066102748117999616.000000
3X1 5000 384 293.147150 0.196449 24067676940653699072.000000
3X1 5000 384 293.147180 0.196449 24069257749521854464.000000
3X1 5000 384 293.214922 0.196404 24070838536207622144.000000
3X2 1000 96 152.532264 0.003772 24075907362085384192.000000
3X2 1000 96 179.360221 0.003208 24076278915820392448.000000
3X2 1000 96 229.140667 0.002511 24076650655507410944.000000
3X2 1000 96 201.232102 0.002860 24077011508596568064.000000
3X2 1000 96 176.924683 0.003252 24077378120117428224.000000
3X2 1000 192 214.566096 0.005364 24077870263312027648.000000
3X2 1000 192 221.449537 0.005197 24078254805219205120.000000
3X2 1000 192 213.551255 0.005389 24078631339958878208.000000
3X2 1000 192 239.200520 0.004811 24079014305085222912.000000
3X2 1000 192 212.208682 0.005423 24079387921399349248.000000
3X2 1000 384 241.977064 0.009512 24079931793685749760.000000
3X2 1000 384 278.249634 0.008272 24080347294740176896.000000
3X2 1000 384 236.721677 0.009723 24080748431091318784.000000
3X2 1000 384 238.590905 0.009647 24081158891825995776.000000
3X2 1000 384 238.716832 0.009642 24081566454775218176.000000
3X2 2000 96 223.541557 0.010302 24082309747506044928.000000
3X2 2000 96 232.605834 0.009900 24082723182704586752.000000
3X2 2000 96 230.355012 0.009997 24083131190287380480.000000
3X2 2000 96 234.169461 0.009834 24083543987469946880.000000
3X2 2000 96 246.928920 0.009326 24083953158047879168.000000
3X2 2000 192 251.117207 0.018341 24084742199685210112.000000
3X2 2000 192 269.338270 0.017100 24085212102733713408.000000
3X2 2000 192 251.221773 0.018333 24085668767338102784.000000
3X2 2000 192 252.661972 0.018229 24086130690790195200.000000
3X2 2000 192 251.420324 0.018319 24086592749487104000.000000
3X2 2000 384 264.833426 0.034782 24087519204467978240.000000
3X2 2000 384 274.068676 0.033610 24088096639619907584.000000
3X2 2000 384 265.994871 0.034630 24088652761000099840.000000
3X2 2000 384 264.303760 0.034852 24089220369432514560.000000
3X2 2000 384 263.744268 0.034925 24089786078857035776.000000
3X2 3000 96 239.278998 0.021658 24091047583536349184.000000
3X2 3000 96 245.359658 0.021121 24091534788561592320.000000
3X2 3000 96 244.528202 0.021193 24092012286592122880.000000
3X2 3000 96 242.658843 0.021356 24092488774369902592.000000
3X2 3000 96 259.624151 0.019961 24092969469443497984.000000
3X2 3000 192 259.094129 0.040003 24094206709285605376.000000
3X2 3000 192 258.504944 0.040094 24094815282682376192.000000
3X2 3000 192 260.652971 0.039764 24095416338428366848.000000
3X2 3000 192 259.713389 0.039908 24096017193790283776.000000
3X2 3000 192 261.636832 0.039614 24096616086598721536.000000
3X2 3000 384 270.093358 0.076748 24098120284923228160.000000
3X2 3000 384 275.438323 0.075259 24098960595524702208.000000
3X2 3000 384 271.264141 0.076417 24099784584456314880.000000
3X2 3000 384 272.560581 0.076053 24100628199377334272.000000
3X2 3000 384 271.542661 0.076338 24101458917242978304.000000
3X2 4000 96 243.066929 0.037906 24103577019517890560.000000
3X2 4000 96 248.426910 0.037088 24104164151155732480.000000
3X2 4000 96 249.301694 0.036958 24104740459933315072.000000
3X2 4000 96 250.504601 0.036781 24105317837702852608.000000
3X2 4000 96 250.103591 0.036840 24105892994698092544.000000
3X2 4000 192 264.224400 0.069741 24107850551150624768.000000
3X2 4000 192 266.117946 0.069245 24108643049683791872.000000
3X2 4000 192 264.546420 0.069657 24109426532915019776.000000
3X2 4000 192 265.126606 0.069504 24110213891224444928.000000
3X2 4000 192 264.679971 0.069621 24111007968016740352.000000
3X2 4000 384 274.042622 0.134486 24113340167356129280.000000
3X2 4000 384 275.339135 0.133852 24114545759788650496.000000
3X2 4000 384 276.806964 0.133143 24115745577047064576.000000
3X2 4000 384 275.572822 0.133739 24116937321608273920.000000
3X2 4000 384 274.429440 0.134296 24118139197292187648.000000
3X2 5000 96 249.953068 0.057599 24121320359635525632.000000
3X2 5000 96 251.281184 0.057295 24122027006435377152.000000
3X2 5000 96 254.731113 0.056519 24122726381114023936.000000
3X2 5000 96 252.833913 0.056943 24123423228061585408.000000
3X2 5000 96 254.974286 0.056465 24124124670068105216.000000
3X2 5000 192 265.447405 0.108474 24126944802029506560.000000
3X2 5000 192 266.624416 0.107996 24127973092794085376.000000
3X2 5000 192 267.025589 0.107833 24128994096691822592.000000
3X2 5000 192 266.969255 0.107856 24130017423123869696.000000
3X2 5000 192 267.680399 0.107569 24131039653319159808.000000
3X2 5000 384 274.072237 0.210122 24134383390137573376.000000
3X2 5000 384 275.638411 0.208928 24136065381189480448.000000
3X2 5000 384 275.673814 0.208901 24137731012882186240.000000
3X2 5000 384 275.148446 0.209300 24139414913981992960.000000
3X2 5000 384 274.508661 0.209787 24141099463427371008.000000
3X3 1000 96 140.367790 0.004099 24146287366239977472.000000
3X3 1000 96 154.932805 0.003714 24146665758400258048.000000
3X3 1000 96 182.317002 0.003156 24147042327091830784.000000
3X3 1000 96 167.350602 0.003438 24147409924014239744.000000
3X3 1000 96 160.999915 0.003574 24147781740494880768.000000
3X3 1000 192 200.140273 0.005750 24148278538857213952.000000
3X3 1000 192 197.619733 0.005824 24148664212949929984.000000
3X3 1000 192 206.876580 0.005563 24149046696348405760.000000
3X3 1000 192 207.334373 0.005551 24149433266108272640.000000
3X3 1000 192 207.430265 0.005548 24149817157775478784.000000
3X3 1000 384 226.206596 0.010175 24150370484391022592.000000
3X3 1000 384 233.220899 0.009869 24150789413490073600.000000
3X3 1000 384 224.673919 0.010245 24151197118890487808.000000
3X3 1000 384 229.687761 0.010021 24151608824348303360.000000
3X3 1000 384 230.051423 0.010005 24152017648436662272.000000
3X3 2000 96 265.072337 0.008688 24152759855426756608.000000
3X3 2000 96 234.787795 0.009808 24153168457326321664.000000
3X3 2000 96 236.637718 0.009732 24153574332275621888.000000
3X3 2000 96 230.846889 0.009976 24153982112760836096.000000
3X3 2000 96 231.800007 0.009935 24154387266001375232.000000
3X3 2000 192 254.127443 0.018124 24155184398159921152.000000
3X3 2000 192 257.413578 0.017892 24155647711903162368.000000
3X3 2000 192 255.954190 0.017994 24156107321582567424.000000
3X3 2000 192 258.618906 0.017809 24156566896247599104.000000
3X3 2000 192 257.351456 0.017897 24157022707988004864.000000
3X3 2000 384 273.496721 0.033680 24157945288351477760.000000
3X3 2000 384 270.521864 0.034050 24158510109142446080.000000
3X3 2000 384 273.140261 0.033724 24159069697888849920.000000
3X3 2000 384 268.548676 0.034301 24159630611217604608.000000
3X3 2000 384 271.246572 0.033959 24160195896130154496.000000
3X3 3000 96 251.898166 0.020573 24161454465993629696.000000
3X3 3000 96 273.817359 0.018926 24161937020798287872.000000
3X3 3000 96 256.020488 0.020242 24162404513952501760.000000
3X3 3000 96 253.542895 0.020439 24162881984315838464.000000
3X3 3000 96 257.130456 0.020154 24163355748055351296.000000
3X3 3000 192 271.975641 0.038108 24164607124351205376.000000
3X3 3000 192 273.139138 0.037946 24165201116743847936.000000
3X3 3000 192 274.536127 0.037753 24165790730109624320.000000
3X3 3000 192 280.970468 0.036888 24166376647681757184.000000
3X3 3000 192 272.396025 0.038050 24166959933584011264.000000
3X3 3000 384 286.297359 0.072404 24168454629509201920.000000
3X3 3000 384 286.844853 0.072266 24169268271746940928.000000
3X3 3000 384 288.300798 0.071901 24170072907143491584.000000
3X3 3000 384 286.495984 0.072354 24170880946763276288.000000
3X3 3000 384 286.652099 0.072314 24171687644553965568.000000
3X3 4000 96 264.288849 0.034862 24173784161460326400.000000
3X3 4000 96 263.023527 0.035030 24174351416369569792.000000
3X3 4000 96 266.268528 0.034603 24174916648450125824.000000
3X3 4000 96 262.749443 0.035066 24175481476178669568.000000
3X3 4000 96 262.012797 0.035165 24176046426320019456.000000
3X3 4000 192 281.003344 0.065577 24178016756026310656.000000
3X3 4000 192 283.314668 0.065042 24178783006074392576.000000
3X3 4000 192 282.959596 0.065124 24179537584385458176.000000
3X3 4000 192 283.905280 0.064907 24180298140059435008.000000
3X3 4000 192 282.955373 0.065125 24181057835387850752.000000
3X3 4000 384 293.458365 0.125588 24183379708346920960.000000
3X3 4000 384 294.891761 0.124977 24184524632584114176.000000
3X3 4000 384 293.911332 0.125394 24185664769147932672.000000
3X3 4000 384 293.458061 0.125588 24186809147119480832.000000
3X3 4000 384 294.978878 0.124940 24187953730927869952.000000
3X3 5000 96 259.553942 0.055469 24191100431775322112.000000
3X3 5000 96 259.256531 0.055532 24191792419734319104.000000
3X3 5000 96 261.812935 0.054990 24192477483181670400.000000
3X3 5000 96 261.378944 0.055081 24193164183876931584.000000
3X3 5000 96 259.258870 0.055532 24193853350485671936.000000
3X3 5000 192 275.929148 0.104354 24196672587247112192.000000
3X3 5000 192 277.189352 0.103879 24197675098281791488.000000
3X3 5000 192 278.039613 0.103562 24198674208689430528.000000
3X3 5000 192 276.440233 0.104161 24199670540575621120.000000
3X3 5000 192 275.671057 0.104451 24200672516570312704.000000
3X3 5000 384 284.754747 0.202239 24204013360864071680.000000
3X3 5000 384 283.845713 0.202887 24205643215003381760.000000
3X3 5000 384 284.879084 0.202151 24207275145699385344.000000
3X3 5000 384 285.405044 0.201778 24208903293918777344.000000
3X3 5000 384 283.551627 0.203097 24210529506650271744.000000
3X4 1000 96 161.803667 0.003556 24215670858687590400.000000
3X4 1000 96 196.838806 0.002923 24216043125459378176.000000
3X4 1000 96 201.605065 0.002854 24216410531585011712.000000
3X4 1000 96 174.462052 0.003298 24216775204341174272.000000
3X4 1000 96 192.188405 0.002994 24217142872469999616.000000
3X4 1000 192 213.207534 0.005398 24217644874134589440.000000
3X4 1000 192 233.034951 0.004939 24218027311580979200.000000
3X4 1000 192 219.089624 0.005253 24218402283255029760.000000
3X4 1000 192 219.989666 0.005231 24218776116234735616.000000
3X4 1000 192 207.503682 0.005546 24219152504580722688.000000
3X4 1000 384 247.510029 0.009299 24219701861065261056.000000
3X4 1000 384 261.036663 0.008818 24220115489338961920.000000
3X4 1000 384 253.375725 0.009084 24220516311872528384.000000
3X4 1000 384 246.184360 0.009349 24220923111500181504.000000
3X4 1000 384 246.618301 0.009333 24221327064196788224.000000
3X4 2000 96 229.749392 0.010023 24222064939289493504.000000
3X4 2000 96 236.267979 0.009747 24222476847915294720.000000
3X4 2000 96 239.590395 0.009612 24222889996937838592.000000
3X4 2000 96 241.543252 0.009534 24223299809896558592.000000
3X4 2000 96 239.017843 0.009635 24223705648577060864.000000
3X4 2000 192 259.465979 0.017751 24224503095321190400.000000
3X4 2000 192 265.145081 0.017370 24224968742657900544.000000
3X4 2000 192 261.324359 0.017624 24225422669022412800.000000
3X4 2000 192 263.076105 0.017507 24225881521761062912.000000
3X4 2000 192 280.795605 0.016402 24226337868381446144.000000
3X4 2000 384 285.876954 0.032222 24227264524469518336.000000
3X4 2000 384 275.472710 0.033438 24227818562963406848.000000
3X4 2000 384 275.118249 0.033482 24228380141802532864.000000
3X4 2000 384 275.344921 0.033454 24228939099681779712.000000
3X4 2000 384 278.266098 0.033103 24229500856210497536.000000
3X4 3000 96 247.240965 0.020960 24230766591974404096.000000
3X4 3000 96 251.440418 0.020610 24231248955662295040.000000
3X4 3000 96 252.805903 0.020499 24231722840112242688.000000
3X4 3000 96 251.203260 0.020630 24232199919934742528.000000
3X4 3000 96 251.868942 0.020575 24232675266906177536.000000
3X4 3000 192 269.580557 0.038447 24233938110030237696.000000
3X4 3000 192 271.349942 0.038196 24234534230768431104.000000
3X4 3000 192 270.801423 0.038274 24235119291897577472.000000
3X4 3000 192 269.837643 0.038410 24235709880936853504.000000
3X4 3000 192 269.217557 0.038499 24236299575915364352.000000
3X4 3000 384 285.436237 0.072622 24237802865324998656.000000
3X4 3000 384 285.933359 0.072496 24238617713969025024.000000
3X4 3000 384 285.220990 0.072677 24239422844456800256.000000
3X4 3000 384 285.382845 0.072636 24240229995526840320.000000
3X4 3000 384 285.953318 0.072491 24241036829566500864.000000
3X4 4000 96 255.636444 0.036042 24243146605147422720.000000
3X4 4000 96 255.844187 0.036013 24243721751070658560.000000
3X4 4000 96 254.637096 0.036184 24244294357147631616.000000
3X4 4000 96 258.877859 0.035591 24244870554949218304.000000
3X4 4000 96 257.573776 0.035771 24245442152565428224.000000
3X4 4000 192 274.364434 0.067164 24247416637138661376.000000
3X4 4000 192 277.233122 0.066469 24248186502303424512.000000
3X4 4000 192 274.258837 0.067190 24248951047634788352.000000
3X4 4000 192 274.382524 0.067159 24249724935103287296.000000
3X4 4000 192 274.183935 0.067208 24250492635602485248.000000
3X4 4000 384 286.690454 0.128553 24252826970519388160.000000
3X4 4000 384 285.462357 0.129106 24253990081341239296.000000
3X4 4000 384 288.118336 0.127915 24255153165545476096.000000
3X4 4000 384 286.955369 0.128434 24256316946191286272.000000
3X4 4000 384 286.657052 0.128568 24257485921953648640.000000
3X4 5000 96 257.840169 0.055837 24260639775754350592.000000
3X4 5000 96 260.537865 0.055259 24261337336116277248.000000
3X4 5000 96 256.483850 0.056133 24262025566776258560.000000
3X4 5000 96 256.382709 0.056155 24262722557141417984.000000
3X4 5000 96 255.521142 0.056344 24263417828505038848.000000
3X4 5000 192 275.217525 0.104624 24266258499793420288.000000
3X4 5000 192 275.975152 0.104336 24267263084511186944.000000
3X4 5000 192 277.188474 0.103880 24268259760877342720.000000
3X4 5000 192 275.366782 0.104567 24269258357921845248.000000
3X4 5000 192 276.265990 0.104227 24270260605295714304.000000
3X4 5000 384 285.890947 0.201435 24273636127731732480.000000
3X4 5000 384 287.574193 0.200256 24275261654005653504.000000
3X4 5000 384 288.087085 0.199900 24276874980120174592.000000
3X4 5000 384 288.378835 0.199697 24278489565805862912.000000
3X4 5000 384 287.210407 0.200510 24280114234575826944.000000
3X5 1000 96 140.923695 0.004083 24285388346113720320.000000
3X5 1000 96 208.057649 0.002766 24285762036962238464.000000
3X5 1000 96 155.403154 0.003703 24286124816060899328.000000
3X5 1000 96 186.254150 0.003089 24286496741795905536.000000
3X5 1000 96 154.579987 0.003723 24286862481003225088.000000
3X5 1000 192 181.141911 0.006353 24287365731435659264.000000
3X5 1000 192 191.316381 0.006015 24287754856420986880.000000
3X5 1000 192 195.381594 0.005890 24288139867416150016.000000
3X5 1000 192 183.423878 0.006274 24288524944510496768.000000
3X5 1000 192 178.816838 0.006436 24288914088484630528.000000
3X5 1000 384 204.006953 0.011282 24289480060680339456.000000
3X5 1000 384 206.007422 0.011173 24289905987007836160.000000
3X5 1000 384 203.547446 0.011308 24290327447869972480.000000
3X5 1000 384 203.590765 0.011306 24290748861026488320.000000
3X5 1000 384 214.533798 0.010729 24291171435322138624.000000
3X5 2000 96 244.591235 0.009415 24291915401704169472.000000
3X5 2000 96 220.600398 0.010439 24292321248685477888.000000
3X5 2000 96 219.737593 0.010480 24292728844946694144.000000
3X5 2000 96 222.945220 0.010329 24293135822737547264.000000
3X5 2000 96 219.896116 0.010472 24293544219632328704.000000
3X5 2000 192 238.456156 0.019315 24294339699016548352.000000
3X5 2000 192 249.687274 0.018446 24294813740407255040.000000
3X5 2000 192 238.212857 0.019334 24295273017542692864.000000
3X5 2000 192 242.078234 0.019026 24295739679016947712.000000
3X5 2000 192 242.545601 0.018989 24296200739550720000.000000
3X5 2000 384 257.047779 0.035835 24297134316687994880.000000
3X5 2000 384 254.266779 0.036227 24297716467826917376.000000
3X5 2000 384 254.964877 0.036128 24298294105090842624.000000
3X5 2000 384 257.075377 0.035831 24298870624882802688.000000
3X5 2000 384 254.318271 0.036220 24299446414703616000.000000
3X5 3000 96 241.932475 0.021420 24300723209660583936.000000
3X5 3000 96 241.400545 0.021468 24301211912260145152.000000
3X5 3000 96 241.985899 0.021416 24301691602245763072.000000
3X5 3000 96 242.142464 0.021402 24302170980596195328.000000
3X5 3000 96 242.926599 0.021333 24302654063586435072.000000
3X5 3000 192 257.673668 0.040224 24303919805737537536.000000
3X5 3000 192 261.799188 0.039590 24304529425047871488.000000
3X5 3000 192 259.051447 0.040010 24305122910886993920.000000
3X5 3000 192 259.278242 0.039975 24305725410946469888.000000
3X5 3000 192 260.524641 0.039783 24306324780010897408.000000
3X5 3000 384 274.009127 0.075651 24307841734328655872.000000
3X5 3000 384 273.457289 0.075804 24308676396648521728.000000
3X5 3000 384 273.387626 0.075823 24309503176011980800.000000
3X5 3000 384 274.711091 0.075458 24310333017442496512.000000
3X5 3000 384 274.447224 0.075530 24311159067724382208.000000
3X5 4000 96 247.260528 0.037263 24313287734670741504.000000
3X5 4000 96 250.735952 0.036747 24313873390775881728.000000
3X5 4000 96 248.727135 0.037043 24314451045166190592.000000
3X5 4000 96 248.309598 0.037106 24315035747581751296.000000
3X5 4000 96 247.214393 0.037270 24315614996327190528.000000
3X5 4000 192 267.869462 0.068792 24317591302263570432.000000
3X5 4000 192 268.157068 0.068719 24318380219190530048.000000
3X5 4000 192 269.933108 0.068267 24319161180508286976.000000
3X5 4000 192 268.825378 0.068548 24319942270389157888.000000
3X5 4000 192 269.810546 0.068298 24320721120078286848.000000
3X5 4000 384 282.706376 0.130364 24323059878297346048.000000
3X5 4000 384 282.708245 0.130363 24324241074897477632.000000
3X5 4000 384 282.747511 0.130345 24325417204240293888.000000
3X5 4000 384 282.460656 0.130478 24326600421224321024.000000
3X5 4000 384 282.587988 0.130419 24327779453606965248.000000
3X5 5000 96 252.108544 0.057107 24330949737806843904.000000
3X5 5000 96 249.643571 0.057671 24331656371173122048.000000
3X5 5000 96 251.425475 0.057262 24332368672110305280.000000
3X5 5000 96 252.252514 0.057074 24333076516625317888.000000
3X5 5000 96 251.587775 0.057225 24333784557677903872.000000
3X5 5000 192 274.349159 0.104955 24336596125422133248.000000
3X5 5000 192 272.228909 0.105772 24337603666408550400.000000
3X5 5000 192 273.405932 0.105317 24338622497660010496.000000
3X5 5000 192 272.522835 0.105658 24339642187778633728.000000
3X5 5000 192 274.482660 0.104904 24340661041154891776.000000
3X5 5000 384 285.650527 0.201605 24343998525756018688.000000
3X5 5000 384 287.541458 0.200279 24345626466577010688.000000
3X5 5000 384 287.314947 0.200437 24347243706931359744.000000
3X5 5000 384 288.500763 0.199613 24348866229301428224.000000
3X5 5000 384 287.637362 0.200212 24350481061719883776.000000
3X6 1000 96 150.603488 0.003821 24355668086164541440.000000
3X6 1000 96 144.619919 0.003979 24356041191400275968.000000
3X6 1000 96 161.982944 0.003552 24356417031227883520.000000
3X6 1000 96 154.874717 0.003715 24356788027906936832.000000
3X6 1000 96 154.887640 0.003715 24357161252022681600.000000
3X6 1000 192 197.478022 0.005828 24357669429706084352.000000
3X6 1000 192 249.294205 0.004616 24358063266223972352.000000
3X6 1000 192 194.268672 0.005924 24358440637110722560.000000
3X6 1000 192 196.229743 0.005865 24358826665565007872.000000
3X6 1000 192 194.760142 0.005909 24359210997968183296.000000
3X6 1000 384 223.915506 0.010279 24359774901024800768.000000
3X6 1000 384 222.774231 0.010332 24360192679205507072.000000
3X6 1000 384 234.756148 0.009805 24360606531844009984.000000
3X6 1000 384 225.870494 0.010190 24361016536911511552.000000
3X6 1000 384 256.628999 0.008969 24361430812890800128.000000
3X6 2000 96 213.470933 0.010788 24362167310274732032.000000
3X6 2000 96 203.523280 0.011315 24362588297434521600.000000
3X6 2000 96 210.838742 0.010922 24363009249509498880.000000
3X6 2000 96 219.606793 0.010486 24363429436605247488.000000
3X6 2000 96 208.042912 0.011069 24363847318798774272.000000
3X6 2000 192 232.452266 0.019814 24364655781535956992.000000
3X6 2000 192 237.490781 0.019393 24365135418267168768.000000
3X6 2000 192 232.294625 0.019827 24365604613149315072.000000
3X6 2000 192 236.705666 0.019457 24366082300863029248.000000
3X6 2000 192 233.925452 0.019689 24366553568583462912.000000
3X6 2000 384 245.360236 0.037542 24367515406973771776.000000
3X6 2000 384 248.935731 0.037003 24368110199744020480.000000
3X6 2000 384 245.231834 0.037562 24368694499618807808.000000
3X6 2000 384 247.009862 0.037292 24369282658546216960.000000
3X6 2000 384 248.046959 0.037136 24369868325844922368.000000
3X6 3000 96 258.842062 0.020021 24371165994209042432.000000
3X6 3000 96 251.373410 0.020616 24371645397474496512.000000
3X6 3000 96 247.192011 0.020965 24372122176631431168.000000
3X6 3000 96 256.291903 0.020220 24372604363410526208.000000
3X6 3000 96 248.296537 0.020871 24373080433946722304.000000
3X6 3000 192 266.294135 0.038921 24374360905300295680.000000
3X6 3000 192 269.027157 0.038526 24374963865225355264.000000
3X6 3000 192 266.410038 0.038904 24375551834162356224.000000
3X6 3000 192 266.437418 0.038900 24376142123963228160.000000
3X6 3000 192 267.437015 0.038755 24376733607799234560.000000
3X6 3000 384 281.656346 0.073597 24378244735691722752.000000
3X6 3000 384 281.845312 0.073548 24379067866447347712.000000
3X6 3000 384 283.072940 0.073229 24379881730349056000.000000
3X6 3000 384 282.671183 0.073333 24380697134545084416.000000
3X6 3000 384 283.155773 0.073207 24381510910401998848.000000
3X6 4000 96 243.452307 0.037846 24383625463710666752.000000
3X6 4000 96 245.381266 0.037548 24384204292424118272.000000
3X6 4000 96 244.789744 0.037639 24384779825867337728.000000
3X6 4000 96 243.154644 0.037892 24385356570523316224.000000
3X6 4000 96 244.038280 0.037755 24385938461054218240.000000
3X6 4000 192 261.722440 0.070408 24387920790203097088.000000
3X6 4000 192 263.178264 0.070019 24388710644090007552.000000
3X6 4000 192 264.848741 0.069577 24389495318565986304.000000
3X6 4000 192 261.868853 0.070369 24390277380293271552.000000
3X6 4000 192 263.692036 0.069882 24391067277136977920.000000
3X6 4000 384 277.236546 0.132936 24393425448443072512.000000
3X6 4000 384 277.724906 0.132702 24394614427289219072.000000
3X6 4000 384 274.430609 0.134295 24395802446269820928.000000
3X6 4000 384 277.679055 0.132724 24397001320373075968.000000
3X6 4000 384 278.590112 0.132290 24398189044838494208.000000
3X6 5000 96 232.828289 0.061836 24401371444858568704.000000
3X6 5000 96 231.016197 0.062321 24402103137788379136.000000
3X6 5000 96 233.233023 0.061728 24402843309706579968.000000
3X6 5000 96 230.973791 0.062332 24403582973835997184.000000
3X6 5000 96 231.587373 0.062167 24404321284320669696.000000
3X6 5000 192 258.356703 0.111451 24407200267907919872.000000
3X6 5000 192 259.405682 0.111001 24408256137819934720.000000
3X6 5000 192 257.701039 0.111735 24409306778957803520.000000
3X6 5000 192 257.412560 0.111860 24410364431045713920.000000
3X6 5000 192 258.450915 0.111411 24411419469610614784.000000
3X6 5000 384 272.194492 0.211571 24414799594830364672.000000
3X6 5000 384 272.102268 0.211643 24416483436838965248.000000
3X6 5000 384 272.550271 0.211295 24418169963743444992.000000
3X6 5000 384 273.607038 0.210479 24419857865387048960.000000
3X6 5000 384 272.625548 0.211237 24421540663158882304.000000
3X7 1000 96 143.287043 0.004016 24426980110560530432.000000
3X7 1000 96 183.649670 0.003133 24427356592346505216.000000
3X7 1000 96 144.798202 0.003974 24427724627150512128.000000
3X7 1000 96 161.571009 0.003561 24428096050402344960.000000
3X7 1000 96 140.165273 0.004105 24428462852694401024.000000
3X7 1000 192 192.305462 0.005984 24428968174947536896.000000
3X7 1000 192 173.468217 0.006634 24429359448687972352.000000
3X7 1000 192 167.129686 0.006886 24429749695247638528.000000
3X7 1000 192 173.139259 0.006647 24430139589704957952.000000
3X7 1000 192 168.255608 0.006840 24430530430421417984.000000
3X7 1000 384 189.026538 0.012177 24431099478175363072.000000
3X7 1000 384 198.210991 0.011612 24431524299722129408.000000
3X7 1000 384 198.108085 0.011618 24431946986932981760.000000
3X7 1000 384 197.829654 0.011635 24432369741542252544.000000
3X7 1000 384 202.895048 0.011344 24432791979633143808.000000
3X7 2000 96 218.831280 0.010523 24433542442162016256.000000
3X7 2000 96 221.353305 0.010403 24433963929955340288.000000
3X7 2000 96 213.132454 0.010805 24434377586664267776.000000
3X7 2000 96 212.505996 0.010837 24434796793472098304.000000
3X7 2000 96 221.522691 0.010396 24435211753547350016.000000
3X7 2000 192 233.898057 0.019691 24436025581513068544.000000
3X7 2000 192 238.445860 0.019315 24436504695357906944.000000
3X7 2000 192 236.531490 0.019472 24436974410630414336.000000
3X7 2000 192 254.862560 0.018071 24437447758856355840.000000
3X7 2000 192 238.814143 0.019286 24437913530506657792.000000
3X7 2000 384 259.016656 0.035563 24438864079534342144.000000
3X7 2000 384 260.140552 0.035409 24439445878398103552.000000
3X7 2000 384 258.337385 0.035656 24440022472206024704.000000
3X7 2000 384 259.467828 0.035501 24440608384688721920.000000
3X7 2000 384 255.146406 0.036102 24441185012679090176.000000
3X7 3000 96 237.875286 0.021786 24442472537581109248.000000
3X7 3000 96 241.366377 0.021471 24442963713601355776.000000
3X7 3000 96 240.369982 0.021560 24443444105865326592.000000
3X7 3000 96 238.922455 0.021690 24443929412458668032.000000
3X7 3000 96 241.587108 0.021451 24444412732325703680.000000
3X7 3000 192 259.252281 0.039979 24445698953867788288.000000
3X7 3000 192 261.784112 0.039592 24446297872231448576.000000
3X7 3000 192 262.806851 0.039438 24446888335395520512.000000
3X7 3000 192 261.284568 0.039668 24447482116031434752.000000
3X7 3000 192 258.358489 0.040117 24448071455317168128.000000
3X7 3000 384 275.095350 0.075352 24449586106492637184.000000
3X7 3000 384 277.054611 0.074820 24450417208825470976.000000
3X7 3000 384 277.441184 0.074715 24451240358813122560.000000
3X7 3000 384 276.603827 0.074941 24452069485965262848.000000
3X7 3000 384 275.996062 0.075106 24452890444234616832.000000
3X7 4000 96 243.520107 0.037835 24455012504179716096.000000
3X7 4000 96 245.109630 0.037590 24455589532624457728.000000
3X7 4000 96 242.025256 0.038069 24456160120487133184.000000
3X7 4000 96 245.559141 0.037521 24456742229910827008.000000
3X7 4000 96 244.214284 0.037728 24457312924672684032.000000
3X7 4000 192 268.666340 0.068588 24459289481098670080.000000
3X7 4000 192 269.213604 0.068449 24460074125366583296.000000
3X7 4000 192 268.743639 0.068569 24460851397922975744.000000
3X7 4000 192 267.735521 0.068827 24461634087791034368.000000
3X7 4000 192 268.133415 0.068725 24462415004199993344.000000
3X7 4000 384 289.000168 0.127525 24464763338821771264.000000
3X7 4000 384 287.248901 0.128303 24465924480862920704.000000
3X7 4000 384 286.692873 0.128551 24467086458308808704.000000
3X7 4000 384 287.039948 0.128396 24468257127223083008.000000
3X7 4000 384 287.307255 0.128277 24469422463491137536.000000
3X7 5000 96 222.961039 0.064572 24472593430481469440.000000
3X7 5000 96 221.517273 0.064993 24473345264242327552.000000
3X7 5000 96 223.894360 0.064303 24474097364172693504.000000
3X7 5000 96 221.866518 0.064891 24474844479124119552.000000
3X7 5000 96 220.094919 0.065413 24475594669864198144.000000
3X7 5000 192 252.698012 0.113947 24478474534372859904.000000
3X7 5000 192 252.202581 0.114171 24479543073596387328.000000
3X7 5000 192 252.352085 0.114103 24480609384794267648.000000
3X7 5000 192 253.255430 0.113696 24481675788529745920.000000
3X7 5000 192 253.216473 0.113714 24482745268885876736.000000
3X7 5000 384 268.305100 0.214638 24486169961873047552.000000
3X7 5000 384 268.353050 0.214600 24487889210791882752.000000
3X7 5000 384 269.635147 0.213579 24489602636709400576.000000
3X7 5000 384 269.176572 0.213943 24491314215311814656.000000
3X7 5000 384 266.473152 0.216114 24493025640333459456.000000
