1X3 960 96 151.408644 0.003502 111732922103509647360.000000
1X3 960 96 186.237855 0.002847 111733295225231736832.000000
1X3 960 96 194.151545 0.002731 111733658705667981312.000000
1X3 960 96 168.430082 0.003148 111734027430692454400.000000
1X3 960 96 176.877497 0.002998 111734401043723665408.000000
1X3 960 192 208.239740 0.005093 111734901576530690048.000000
1X3 960 192 210.561763 0.005037 111735287791135326208.000000
1X3 960 192 233.462265 0.004543 111735671274437771264.000000
1X3 960 192 211.334870 0.005018 111736050832639655936.000000
1X3 960 192 232.646970 0.004559 111736431556754948096.000000
1X3 960 384 253.441319 0.008369 111736973146539048960.000000
1X3 960 384 260.309590 0.008149 111737378444182814720.000000
1X3 960 384 259.130421 0.008186 111737778602210787328.000000
1X3 960 384 257.358548 0.008242 111738182778894548992.000000
1X3 960 384 248.995616 0.008519 111738583938362490880.000000
1X3 960 768 274.581871 0.015450 111739234025773219840.000000
1X3 960 768 271.473139 0.015627 111739689224854487040.000000
1X3 960 768 274.886700 0.015433 111740140405548711936.000000
1X3 960 768 274.973613 0.015428 111740586988515196928.000000
1X3 960 768 278.616709 0.015226 111741042321823612928.000000
1X3 1920 96 235.125900 0.009026 111741838111031820288.000000
1X3 1920 96 248.590136 0.008537 111742249356745654272.000000
1X3 1920 96 249.280263 0.008514 111742655045090197504.000000
1X3 1920 96 251.997563 0.008422 111743064609549697024.000000
1X3 1920 96 257.225112 0.008251 111743465938182438912.000000
1X3 1920 192 258.913751 0.016394 111744364558713487360.000000
1X3 1920 192 264.749603 0.016032 111744822073090621440.000000
1X3 1920 192 266.354537 0.015936 111745267016940404736.000000
1X3 1920 192 267.732463 0.015854 111745712683369283584.000000
1X3 1920 192 268.331731 0.015818 111746158924390170624.000000
1X3 1920 384 276.251758 0.030729 111747096570372063232.000000
1X3 1920 384 281.976053 0.030106 111747647965506043904.000000
1X3 1920 384 281.038724 0.030206 111748194945536360448.000000
1X3 1920 384 281.852894 0.030119 111748738314072375296.000000
1X3 1920 384 286.144998 0.029667 111749285650230378496.000000
1X3 1920 768 295.219131 0.057510 111750487156807385088.000000
1X3 1920 768 294.352194 0.057679 111751213561180635136.000000
1X3 1920 768 293.021277 0.057941 111751933742930231296.000000
1X3 1920 768 293.356305 0.057875 111752655347591708672.000000
1X3 1920 768 292.883564 0.057969 111753376497776508928.000000
1X3 2880 96 253.231437 0.018860 111754807442082562048.000000
1X3 2880 96 260.205327 0.018354 111755276169399877632.000000
1X3 2880 96 259.405716 0.018411 111755739548570353664.000000
1X3 2880 96 258.694646 0.018462 111756206121359785984.000000
1X3 2880 96 256.292617 0.018635 111756667905720729600.000000
