3X6 1000 96 148.128164 0.003885 595933462527580700672.000000
3X6 1000 96 180.828344 0.003182 595933842663855751168.000000
3X6 1000 96 160.832425 0.003578 595934208731869741056.000000
3X6 1000 96 167.450388 0.003436 595934582059658772480.000000
3X6 1000 96 159.804932 0.003601 595934961427736297472.000000
3X6 1000 192 200.920130 0.005728 595935483633847631872.000000
3X6 1000 192 238.285460 0.004830 595935882361622888448.000000
3X6 1000 192 235.777328 0.004881 595936277377820786688.000000
3X6 1000 192 194.520886 0.005916 595936672968687353856.000000
3X6 1000 192 198.615685 0.005794 595937080154382139392.000000
3X6 1000 384 218.940055 0.010513 595937650665880027136.000000
3X6 1000 384 226.087011 0.010181 595938076081999577088.000000
3X6 1000 384 225.679238 0.010199 595938498318765654016.000000
3X6 1000 384 223.801638 0.010285 595938919687627735040.000000
3X6 1000 384 224.368639 0.010259 595939341677833879552.000000
3X6 2000 96 203.374994 0.011323 595940101504976683008.000000
3X6 2000 96 209.762306 0.010978 595940533614087634944.000000
3X6 2000 96 208.026674 0.011070 595940961348395728896.000000
3X6 2000 96 208.754450 0.011031 595941391951958376448.000000
3X6 2000 96 204.112604 0.011282 595941820536929255424.000000
3X6 2000 192 228.237928 0.020179 595942647127831740416.000000
3X6 2000 192 236.650035 0.019462 595943137701433180160.000000
3X6 2000 192 230.391471 0.019991 595943618912276054016.000000
3X6 2000 192 230.998701 0.019938 595944104212322058240.000000
3X6 2000 192 234.714771 0.019623 595944588326019661824.000000
3X6 2000 384 250.523150 0.036769 595945545214637244416.000000
3X6 2000 384 245.618139 0.037503 595946139560156332032.000000
3X6 2000 384 244.954233 0.037605 595946736512024182784.000000
3X6 2000 384 243.727099 0.037794 595947335950919008256.000000
3X6 2000 384 245.730734 0.037486 595947933342095376384.000000
3X6 3000 96 241.164229 0.021489 595949237668814258176.000000
3X6 3000 96 250.341085 0.020701 595949732401896620032.000000
3X6 3000 96 248.041712 0.020893 595950218014601904128.000000
3X6 3000 96 249.144267 0.020800 595950707085861322752.000000
3X6 3000 96 249.926405 0.020735 595951191411228540928.000000
3X6 3000 192 266.797900 0.038848 595952476135468302336.000000
3X6 3000 192 268.029542 0.038669 595953082059463720960.000000
3X6 3000 192 268.096432 0.038660 595953685487971074048.000000
3X6 3000 192 269.226774 0.038497 595954287166750588928.000000
3X6 3000 192 268.318612 0.038628 595954886732218236928.000000
3X6 3000 384 283.568540 0.073101 595956420634861502464.000000
3X6 3000 384 282.971025 0.073255 595957241795422060544.000000
3X6 3000 384 282.576892 0.073357 595958063612667363328.000000
3X6 3000 384 283.166611 0.073205 595958891138162098176.000000
3X6 3000 384 283.415529 0.073140 595959716822619783168.000000
3X6 4000 96 241.145337 0.038208 595961852691242680320.000000
3X6 4000 96 241.358819 0.038174 595962452358726287360.000000
3X6 4000 96 243.037840 0.037911 595963046215688650752.000000
3X6 4000 96 242.024849 0.038069 595963644015844392960.000000
3X6 4000 96 241.789266 0.038106 595964236111398567936.000000
3X6 4000 192 264.593575 0.069644 595966267707169177600.000000
3X6 4000 192 263.257487 0.069998 595967059045868765184.000000
3X6 4000 192 262.126783 0.070300 595967851538719571968.000000
3X6 4000 192 262.031664 0.070325 595968653284111941632.000000
3X6 4000 192 262.951416 0.070079 595969447124770095104.000000
3X6 4000 384 277.264630 0.132923 595971828051038306304.000000
3X6 4000 384 278.173058 0.132489 595973025107829456896.000000
3X6 4000 384 277.281892 0.132915 595974215870099750912.000000
3X6 4000 384 277.624795 0.132750 595975413446871744512.000000
3X6 4000 384 278.112128 0.132518 595976604529308205056.000000
3X6 5000 96 231.561701 0.062174 595979886372529766400.000000
3X6 5000 96 231.938378 0.062073 595980624698112212992.000000
3X6 5000 96 229.184011 0.062819 595981358861960216576.000000
3X6 5000 96 230.745464 0.062394 595982101733814042624.000000
3X6 5000 96 231.835325 0.062101 595982843998417190912.000000
3X6 5000 192 254.794019 0.113010 595985734720167084032.000000
3X6 5000 192 258.360982 0.111450 595986797875582599168.000000
3X6 5000 192 256.487307 0.112264 595987847575446880256.000000
3X6 5000 192 257.711928 0.111730 595988918149415960576.000000
3X6 5000 192 255.579775 0.112662 595989983402303422464.000000
3X6 5000 384 272.042462 0.211689 595993418704339599360.000000
3X6 5000 384 272.520129 0.211318 595995117791038537728.000000
3X6 5000 384 272.075442 0.211664 595996809502921981952.000000
3X6 5000 384 272.182006 0.211581 595998508245467529216.000000
3X6 5000 384 271.437889 0.212161 596000206587430699008.000000
