3 1 1000 1
3 1 1000 1
3 1 1000 1
3 1 2000 1
3 1 2000 1
3 1 2000 1
3 1 3000 1
3 1 3000 1
3 1 3000 1
3 1 4000 1
3 1 4000 1
3 1 4000 1
3 1 5000 1
3 1 5000 1
3 1 5000 1
3 2 1000 1
3 2 1000 1
3 2 1000 1
3 2 2000 1
3 2 2000 1
3 2 2000 1
3 2 3000 1
3 2 3000 1
3 2 3000 1
3 2 4000 1
3 2 4000 1
3 2 4000 1
3 2 5000 1
3 2 5000 1
3 2 5000 1
3 3 1000 1
3 3 1000 1
3 3 1000 1
3 3 2000 1
3 3 2000 1
3 3 2000 1
3 3 3000 1
3 3 3000 1
3 3 3000 1
3 3 4000 1
3 3 4000 1
3 3 4000 1
3 3 5000 1
3 3 5000 1
3 3 5000 1
3 4 1000 1
3 4 1000 1
3 4 1000 1
3 4 2000 1
3 4 2000 1
3 4 2000 1
3 4 3000 1
3 4 3000 1
3 4 3000 1
3 4 4000 1
3 4 4000 1
3 4 4000 1
3 4 5000 1
3 4 5000 1
3 4 5000 1
3 5 1000 1
3 5 1000 1
3 5 1000 1
3 5 2000 1
3 5 2000 1
3 5 2000 1
3 5 3000 1
3 5 3000 1
3 5 3000 1
3 5 4000 1
3 5 4000 1
3 5 4000 1
3 5 5000 1
3 5 5000 1
3 5 5000 1
3 6 1000 1
3 6 1000 1
3 6 1000 1
3 6 2000 1
3 6 2000 1
3 6 2000 1
3 6 3000 1
3 6 3000 1
3 6 3000 1
3 6 4000 1
3 6 4000 1
3 6 4000 1
3 6 5000 1
3 6 5000 1
3 6 5000 1
3 7 1000 1
3 7 1000 1
3 7 1000 1
3 7 2000 1
3 7 2000 1
3 7 2000 1
3 7 3000 1
3 7 3000 1
3 7 3000 1
3 7 4000 1
3 7 4000 1
3 7 4000 1
3 7 5000 1
3 7 5000 1
3 7 5000 1
