3X1 1000 96 113.538519 0.005068 11737158558805225472.000000
3X1 1000 96 122.111304 0.004712 11737616257585559552.000000
3X1 1000 96 116.946661 0.004920 11738069372065302528.000000
3X1 1000 96 130.991967 0.004393 11738550051350306816.000000
3X1 1000 96 121.556132 0.004734 11739028995415730176.000000
3X1 1000 192 136.068671 0.008458 11739707663439390720.000000
3X1 1000 192 145.778306 0.007895 11740188952951324672.000000
3X1 1000 192 136.029026 0.008460 11740661363250905088.000000
3X1 1000 192 132.172087 0.008707 11741152168474361856.000000
3X1 1000 192 131.634208 0.008743 11741663336359206912.000000
3X1 1000 384 126.796016 0.018153 11742554626125840384.000000
3X1 1000 384 156.532916 0.014704 11743123639441412096.000000
3X1 1000 384 156.668497 0.014692 11743665582550294528.000000
3X1 1000 384 150.383558 0.015306 11744180033378971648.000000
3X1 1000 384 153.566745 0.014988 11744699488719398912.000000
3X1 2000 96 140.849212 0.016350 11745784120473167872.000000
3X1 2000 96 145.936830 0.015780 11746311774411581440.000000
3X1 2000 96 125.623440 0.018331 11746852636963762176.000000
3X1 2000 96 148.211250 0.015538 11747396845819727872.000000
3X1 2000 96 126.622614 0.018187 11747934320199254016.000000
3X1 2000 192 153.548044 0.029995 11749142417354848256.000000
3X1 2000 192 154.597866 0.029791 11749767004101218304.000000
3X1 2000 192 153.317070 0.030040 11750386922290995200.000000
3X1 2000 192 146.122996 0.031519 11750996190714961920.000000
3X1 2000 192 154.202106 0.029868 11751618765096638464.000000
3X1 2000 384 154.963417 0.059442 11753049445620297728.000000
3X1 2000 384 160.911705 0.057245 11753853160658515968.000000
3X1 2000 384 160.073893 0.057545 11754650826583435264.000000
3X1 2000 384 151.703726 0.060720 11755440749148731392.000000
3X1 2000 384 157.220714 0.058589 11756252942100123648.000000
3X1 3000 96 148.715605 0.034847 11758287499310397440.000000
3X1 3000 96 142.569778 0.036349 11758930121147017216.000000
3X1 3000 96 149.638461 0.034632 11759576580097142784.000000
3X1 3000 96 148.525390 0.034891 11760229151258114048.000000
3X1 3000 96 149.168480 0.034741 11760866725427836928.000000
3X1 3000 192 151.942965 0.068213 11762914301421455360.000000
3X1 3000 192 153.774787 0.067401 11763768536143544320.000000
3X1 3000 192 155.888959 0.066487 11764617181797111808.000000
3X1 3000 192 149.100408 0.069514 11765467306061805568.000000
3X1 3000 192 154.347324 0.067151 11766327437878001664.000000
3X1 3000 384 156.324656 0.132603 11768811733811382272.000000
3X1 3000 384 154.436166 0.134224 11770078314490458112.000000
3X1 3000 384 151.207786 0.137090 11771359108192862208.000000
3X1 3000 384 156.013236 0.132867 11772650144230666240.000000
3X1 3000 384 152.267663 0.136136 11773911741018781696.000000
3X1 4000 96 135.304249 0.068096 11777474765570238464.000000
3X1 4000 96 151.094229 0.060980 11778355120566214656.000000
3X1 4000 96 150.909276 0.061055 11779156517639733248.000000
3X1 4000 96 150.845879 0.061080 11779958015135668224.000000
3X1 4000 96 141.540691 0.065096 11780747302379403264.000000
3X1 4000 192 158.222808 0.116465 11784018255239858176.000000
3X1 4000 192 159.075957 0.115840 11785168303758356480.000000
3X1 4000 192 157.815500 0.116765 11786319867745576960.000000
3X1 4000 192 156.941972 0.117415 11787487674419986432.000000
3X1 4000 192 156.379115 0.117838 11788662394553251840.000000
3X1 4000 384 151.904374 0.242618 11792586915246624768.000000
3X1 4000 384 157.465850 0.234049 11794545629491089408.000000
3X1 4000 384 152.997667 0.240885 11796453042778120192.000000
3X1 4000 384 153.715173 0.239760 11798404632075737088.000000
3X1 4000 384 155.306698 0.237303 11800353028394319872.000000
3X1 5000 96 148.767003 0.096776 11805806233664057344.000000
3X1 5000 96 151.135315 0.095260 11806835712095789056.000000
3X1 5000 96 151.232824 0.095198 11807865366175506432.000000
3X1 5000 96 148.737756 0.096795 11808886636863639552.000000
3X1 5000 96 148.817105 0.096744 11809924707384535040.000000
3X1 5000 192 156.962471 0.183447 11814746311361054720.000000
3X1 5000 192 156.706384 0.183746 11816325677650083840.000000
3X1 5000 192 154.967416 0.185808 11817899855024173056.000000
3X1 5000 192 158.509771 0.181656 11819494089382866944.000000
3X1 5000 192 158.017026 0.182222 11821089195843911680.000000
3X1 5000 384 155.595270 0.370117 11826841648356282368.000000
3X1 5000 384 151.346716 0.380507 11829618122758262784.000000
3X1 5000 384 159.015357 0.362157 11832460974686523392.000000
3X1 5000 384 152.380965 0.377924 11835209226913904640.000000
3X1 5000 384 154.073916 0.373772 11838039026004416512.000000
3X2 1000 96 119.078281 0.004832 11848233340656302080.000000
3X2 1000 96 141.071323 0.004079 11848692350194954240.000000
3X2 1000 96 127.285384 0.004521 11849139632534165504.000000
3X2 1000 96 127.858078 0.004500 11849598008261668864.000000
3X2 1000 96 135.813274 0.004237 11850049791477479424.000000
3X2 1000 192 146.530120 0.007854 11850718815476025344.000000
3X2 1000 192 151.941831 0.007574 11851188502422145024.000000
3X2 1000 192 155.618460 0.007395 11851652862494924800.000000
3X2 1000 192 151.051251 0.007619 11852132561805340672.000000
3X2 1000 192 153.484485 0.007498 11852598714434832384.000000
3X2 1000 384 156.660606 0.014692 11853364588566147072.000000
3X2 1000 384 172.128556 0.013372 11853883161922615296.000000
3X2 1000 384 165.221529 0.013931 11854385337225500672.000000
3X2 1000 384 163.787308 0.014053 11854891419158603776.000000
3X2 1000 384 163.426218 0.014084 11855396369219753984.000000
3X2 2000 96 153.097324 0.015042 11856466802919829504.000000
3X2 2000 96 151.395727 0.015211 11856985492679495680.000000
3X2 2000 96 157.405523 0.014630 11857503842003980288.000000
3X2 2000 96 159.296377 0.014456 11858015375149600768.000000
3X2 2000 96 155.550826 0.014804 11858535362221201408.000000
3X2 2000 192 168.638654 0.027311 11859723807729778688.000000
3X2 2000 192 164.347182 0.028024 11860326012749266944.000000
3X2 2000 192 169.811227 0.027122 11860921539529091072.000000
3X2 2000 192 167.108982 0.027561 11861523279012603904.000000
3X2 2000 192 168.383215 0.027352 11862114844602228736.000000
3X2 2000 384 170.850806 0.053915 11863536902649528320.000000
3X2 2000 384 168.294873 0.054734 11864307981977366528.000000
3X2 2000 384 167.011442 0.055154 11865122268291856384.000000
3X2 2000 384 171.857172 0.053599 11865924702626134016.000000
3X2 2000 384 171.288144 0.053777 11866720031635968000.000000
3X2 3000 96 157.894015 0.032821 11868719141366417408.000000
3X2 3000 96 158.658900 0.032663 11869373680386492416.000000
3X2 3000 96 158.251901 0.032747 11870017483522295808.000000
3X2 3000 96 157.457894 0.032912 11870665116398714880.000000
3X2 3000 96 158.198655 0.032758 11871325356205701120.000000
3X2 3000 192 161.885685 0.064024 11873341428386500608.000000
3X2 3000 192 163.485206 0.063397 11874182314034055168.000000
3X2 3000 192 163.971987 0.063209 11875024557281546240.000000
3X2 3000 192 163.891865 0.063240 11875863784522784768.000000
3X2 3000 192 161.336348 0.064242 11876712722617935872.000000
3X2 3000 384 164.946797 0.125671 11879156207500566528.000000
3X2 3000 384 167.693265 0.123613 11880392153550766080.000000
3X2 3000 384 167.748454 0.123572 11881620763562934272.000000
3X2 3000 384 166.720243 0.124335 11882851470342914048.000000
3X2 3000 384 169.160966 0.122541 11884080979395121152.000000
3X2 4000 96 157.347133 0.058556 11887557291970109440.000000
3X2 4000 96 157.908029 0.058348 11888366686976036864.000000
3X2 4000 96 157.417812 0.058530 11889172460452548608.000000
3X2 4000 96 157.591248 0.058466 11889979520725790720.000000
3X2 4000 96 155.205412 0.059365 11890804679090937856.000000
3X2 4000 192 163.660996 0.112595 11894069204278110208.000000
3X2 4000 192 164.241111 0.112197 11895231607995987968.000000
3X2 4000 192 164.038690 0.112336 11896389683598888960.000000
3X2 4000 192 171.077965 0.107713 11897556402042951680.000000
3X2 4000 192 169.772553 0.108542 11898671210627211264.000000
3X2 4000 384 166.962247 0.220737 11902724399531751424.000000
3X2 4000 384 173.494900 0.212426 11904594747520925696.000000
3X2 4000 384 174.145060 0.211633 11906397896212074496.000000
3X2 4000 384 172.272142 0.213934 11908172027912175616.000000
3X2 4000 384 176.097439 0.209286 11909957100898115584.000000
3X2 5000 96 161.510017 0.089141 11915222825274828800.000000
3X2 5000 96 165.945531 0.086758 11916210202710261760.000000
3X2 5000 96 165.784051 0.086843 11917179918104977408.000000
3X2 5000 96 165.805246 0.086832 11918150443854848000.000000
3X2 5000 96 165.990788 0.086734 11919116159409762304.000000
3X2 5000 192 169.256716 0.170122 11923858595006242816.000000
3X2 5000 192 171.357089 0.168036 11925351749587585024.000000
3X2 5000 192 170.674538 0.168708 11926831341462403072.000000
3X2 5000 192 172.504758 0.166919 11928320366975150080.000000
3X2 5000 192 171.843665 0.167561 11929813098926106624.000000
3X2 5000 384 175.590240 0.327971 11935459727738183680.000000
3X2 5000 384 175.362197 0.328397 11937970898255826944.000000
3X2 5000 384 175.144092 0.328806 11940478133714460672.000000
3X2 5000 384 174.825565 0.329405 11943001472660297728.000000
3X2 5000 384 175.180980 0.328737 11945556674471737344.000000
3X3 1000 96 129.778240 0.004434 11955880321059555328.000000
3X3 1000 96 152.980523 0.003761 11956328995750719488.000000
3X3 1000 96 150.461524 0.003824 11956775946000367616.000000
3X3 1000 96 150.342960 0.003827 11957229148377714688.000000
3X3 1000 96 148.935482 0.003864 11957711373537599488.000000
3X3 1000 192 154.369965 0.007455 11958397731954483200.000000
3X3 1000 192 170.600281 0.006746 11958877139712897024.000000
3X3 1000 192 166.592768 0.006908 11959347693775886336.000000
3X3 1000 192 158.366728 0.007267 11959823220619206656.000000
3X3 1000 192 163.743555 0.007028 11960291315610210304.000000
3X3 1000 384 157.742204 0.014592 11961075814719778816.000000
3X3 1000 384 165.614661 0.013898 11961601303243890688.000000
3X3 1000 384 173.187266 0.013290 11962116562405343232.000000
3X3 1000 384 172.244640 0.013363 11962673483081494528.000000
3X3 1000 384 157.306234 0.014632 11963202666831040512.000000
3X3 2000 96 165.893323 0.013881 11964332349244952576.000000
3X3 2000 96 173.544130 0.013270 11964869397429303296.000000
3X3 2000 96 169.854018 0.013558 11965415418515593216.000000
3X3 2000 96 169.992329 0.013547 11965921480864681984.000000
3X3 2000 96 170.485369 0.013508 11966428647508142080.000000
3X3 2000 192 182.627635 0.025219 11967616048696766464.000000
3X3 2000 192 179.312986 0.025685 11968211839988578304.000000
3X3 2000 192 171.165515 0.026908 11968795142404212736.000000
3X3 2000 192 172.754022 0.026660 11969427385643001856.000000
3X3 2000 192 177.438996 0.025957 11970042720633032704.000000
3X3 2000 384 185.688817 0.049607 11971492614563715072.000000
3X3 2000 384 187.714330 0.049071 11972234782974629888.000000
3X3 2000 384 180.798263 0.050948 11972965341338103808.000000
3X3 2000 384 186.897559 0.049286 11973712034804770816.000000
3X3 2000 384 188.743490 0.048804 11974454851266826240.000000
3X3 3000 96 170.087231 0.030468 11976423750854785024.000000
3X3 3000 96 162.962847 0.031800 11977044195086155776.000000
3X3 3000 96 175.307037 0.029561 11977674064885065728.000000
3X3 3000 96 166.866867 0.031056 11978330851085830144.000000
3X3 3000 96 168.596697 0.030738 11978966730241243136.000000
3X3 3000 192 146.567621 0.070715 11981044766284521472.000000
3X3 3000 192 175.223646 0.059150 11981973522129281024.000000
3X3 3000 192 176.199481 0.058823 11982837664991688704.000000
3X3 3000 192 166.455851 0.062266 11983703095105218560.000000
3X3 3000 192 172.725004 0.060006 11984584740731533312.000000
3X3 3000 384 178.712469 0.115991 11987102950692022272.000000
3X3 3000 384 177.416366 0.116839 11988343088812412928.000000
3X3 3000 384 179.630112 0.115399 11989593128897112064.000000
3X3 3000 384 175.337586 0.118224 11990812901732126720.000000
3X3 3000 384 177.046728 0.117083 11992052267935746048.000000
3X3 4000 96 166.166396 0.055449 11995633617983889408.000000
3X3 4000 96 174.826933 0.052702 11996439202321213440.000000
3X3 4000 96 173.651888 0.053058 11997251246312607744.000000
3X3 4000 96 171.423934 0.053748 11998037499873294336.000000
3X3 4000 96 173.389289 0.053139 11998825117952315392.000000
3X3 4000 192 176.002925 0.104699 12002143326592806912.000000
3X3 4000 192 181.991154 0.101254 12003255392911605760.000000
3X3 4000 192 177.413968 0.103867 12004344354809151488.000000
3X3 4000 192 171.218237 0.107625 12005457880033476608.000000
3X3 4000 192 177.057763 0.104076 12006645626265290752.000000
3X3 4000 384 183.655296 0.200674 12010626788735033344.000000
3X3 4000 384 178.014968 0.207032 12012322236528660480.000000
3X3 4000 384 180.344064 0.204358 12014075301868199936.000000
3X3 4000 384 180.929025 0.203697 12015846569293242368.000000
3X3 4000 384 180.877663 0.203755 12017636128480563200.000000
3X3 5000 96 163.630022 0.087986 12022973635452086272.000000
3X3 5000 96 164.745668 0.087390 12023993848738678784.000000
3X3 5000 96 167.591417 0.085906 12024994045155874816.000000
3X3 5000 96 173.147901 0.083149 12025980187077767168.000000
3X3 5000 96 171.733236 0.083834 12026956487016146944.000000
3X3 5000 192 179.007228 0.160855 12031753407505899520.000000
3X3 5000 192 175.194637 0.164356 12033215911976773632.000000
3X3 5000 192 177.851343 0.161901 12034719047780020224.000000
3X3 5000 192 175.215711 0.164336 12036194515955843072.000000
3X3 5000 192 175.651146 0.163929 12037683988546967552.000000
3X3 5000 384 180.091665 0.319773 12043471846433576960.000000
3X3 5000 384 175.362416 0.328397 12045954797234225152.000000
3X3 5000 384 183.590908 0.313678 12048492908608126976.000000
3X3 5000 384 187.284813 0.307491 12050932321183754240.000000
3X3 5000 384 187.532705 0.307085 12053308515228147712.000000
3X4 1000 96 126.425301 0.004551 12063250180363063296.000000
3X4 1000 96 153.359128 0.003752 12063710037837666304.000000
3X4 1000 96 145.173596 0.003964 12064153375767502848.000000
3X4 1000 96 140.233113 0.004103 12064594530945441792.000000
3X4 1000 96 133.697932 0.004304 12065039770001584128.000000
3X4 1000 192 153.159542 0.007514 12065707434998599680.000000
3X4 1000 192 161.887290 0.007109 12066180445445353472.000000
3X4 1000 192 155.567301 0.007398 12066645914010873856.000000
3X4 1000 192 164.879024 0.006980 12067118136681662464.000000
3X4 1000 192 158.920578 0.007242 12067582405528850432.000000
3X4 1000 384 165.411377 0.013915 12068351494917593088.000000
3X4 1000 384 172.735185 0.013325 12068873742456283136.000000
3X4 1000 384 179.419670 0.012829 12069380881342926848.000000
3X4 1000 384 175.384071 0.013124 12069905991819071488.000000
3X4 1000 384 174.726292 0.013173 12070413408817704960.000000
3X4 2000 96 164.342174 0.014013 12071494751246850048.000000
3X4 2000 96 165.890144 0.013882 12072012783150530560.000000
3X4 2000 96 164.194707 0.014025 12072521850229078016.000000
3X4 2000 96 164.727810 0.013980 12073031361307602944.000000
3X4 2000 96 164.629384 0.013988 12073540392667750400.000000
3X4 2000 192 170.888261 0.026952 12074716878196127744.000000
3X4 2000 192 165.280126 0.027866 12075316224975755264.000000
3X4 2000 192 177.199185 0.025992 12075915887435378688.000000
3X4 2000 192 176.654594 0.026072 12076527233696010240.000000
3X4 2000 192 174.909189 0.026332 12077115855471380480.000000
3X4 2000 384 180.313578 0.051085 12078527244181610496.000000
3X4 2000 384 182.208366 0.050554 12079297460994299904.000000
3X4 2000 384 183.818062 0.050111 12080039476585996288.000000
3X4 2000 384 183.600960 0.050171 12080778275339454464.000000
3X4 2000 384 181.818462 0.050663 12081515722656180224.000000
3X4 3000 96 168.619490 0.030734 12083487796912766976.000000
3X4 3000 96 169.644260 0.030548 12084109278622500864.000000
3X4 3000 96 173.460672 0.029876 12084721927673477120.000000
3X4 3000 96 170.794461 0.030342 12085334710817234944.000000
3X4 3000 96 171.731975 0.030177 12085948846741731328.000000
3X4 3000 192 172.578692 0.060057 12087939528824594432.000000
3X4 3000 192 179.885397 0.057617 12088740408195749888.000000
3X4 3000 192 179.351723 0.057789 12089545745928284160.000000
3X4 3000 192 179.111513 0.057866 12090335924666368000.000000
3X4 3000 192 180.475860 0.057429 12091122295398256640.000000
3X4 3000 384 183.299094 0.113089 12093524827239731200.000000
3X4 3000 384 183.835792 0.112759 12094676545473335296.000000
3X4 3000 384 182.941795 0.113310 12095829916020473856.000000
3X4 3000 384 183.392536 0.113031 12096973556276895744.000000
3X4 3000 384 183.443172 0.113000 12098107382972198912.000000
3X4 4000 96 172.255747 0.053488 12101517171889711104.000000
3X4 4000 96 172.828323 0.053311 12102283079480205312.000000
3X4 4000 96 169.453812 0.054373 12103034939429824512.000000
3X4 4000 96 159.188189 0.057879 12103793890988673024.000000
3X4 4000 96 171.314932 0.053782 12104581199666108416.000000
3X4 4000 192 169.438090 0.108756 12107852952891324416.000000
3X4 4000 192 171.008863 0.107757 12109033864224276480.000000
3X4 4000 192 168.506829 0.109357 12110149174939713536.000000
3X4 4000 192 172.708151 0.106697 12111300002171770880.000000
3X4 4000 192 173.238921 0.106370 12112433292515104768.000000
3X4 4000 384 178.808782 0.206113 12116487745713987584.000000
3X4 4000 384 180.887841 0.203744 12118278925970022400.000000
3X4 4000 384 173.058918 0.212961 12120003149410215936.000000
3X4 4000 384 182.491958 0.201953 12121802718069035008.000000
3X4 4000 384 182.656680 0.201771 12123514212364261376.000000
3X4 5000 96 166.397742 0.086522 12128865903239065600.000000
3X4 5000 96 167.170529 0.086122 12129834424086646784.000000
3X4 5000 96 165.586295 0.086946 12130807502316392448.000000
3X4 5000 96 160.864863 0.089498 12131791302657603584.000000
3X4 5000 96 162.557305 0.088566 12132807380398798848.000000
3X4 5000 192 173.719351 0.165751 12137620883614126080.000000
3X4 5000 192 176.951987 0.162723 12139091052532617216.000000
3X4 5000 192 179.199614 0.160682 12140544694399135744.000000
3X4 5000 192 179.967100 0.159997 12141997133219315712.000000
3X4 5000 192 180.090525 0.159888 12143435871022567424.000000
3X4 5000 384 172.216487 0.334396 12149729595463092224.000000
3X4 5000 384 180.068211 0.319815 12152380642114541568.000000
3X4 5000 384 182.197492 0.316077 12154870834156427264.000000
3X4 5000 384 181.992085 0.316434 12157316800018130944.000000
3X4 5000 384 179.999993 0.319936 12159757152484904960.000000
3X5 1000 96 126.289869 0.004556 12169969331391901696.000000
3X5 1000 96 128.823577 0.004467 12170428168303355904.000000
3X5 1000 96 113.731464 0.005059 12170881127755913216.000000
3X5 1000 96 133.000591 0.004326 12171347970881372160.000000
3X5 1000 96 147.414966 0.003903 12171805454621702144.000000
3X5 1000 192 145.615416 0.007903 12172512992007122944.000000
3X5 1000 192 151.324687 0.007605 12172998173019664384.000000
3X5 1000 192 151.795252 0.007582 12173473845738278912.000000
3X5 1000 192 146.437082 0.007859 12173952138680758272.000000
3X5 1000 192 157.575983 0.007303 12174426357946652672.000000
3X5 1000 384 146.070687 0.015757 12175222046834864128.000000
3X5 1000 384 162.809590 0.014137 12175803074997815296.000000
3X5 1000 384 162.923439 0.014127 12176410803537033216.000000
3X5 1000 384 163.055731 0.014116 12176996094746165248.000000
3X5 1000 384 165.675553 0.013893 12177601558069489664.000000
3X5 2000 96 161.008451 0.014303 12178823358866006016.000000
3X5 2000 96 165.767673 0.013892 12179345730820681728.000000
3X5 2000 96 162.066127 0.014209 12179874338314254336.000000
3X5 2000 96 171.223905 0.013449 12180389916541276160.000000
3X5 2000 96 166.829063 0.013804 12180922556617039872.000000
3X5 2000 192 173.652808 0.026522 12182114199629459456.000000
3X5 2000 192 176.092500 0.026155 12182753995840675840.000000
3X5 2000 192 173.971759 0.026474 12183411478297393152.000000
3X5 2000 192 173.614638 0.026528 12184058661157834752.000000
3X5 2000 192 178.166426 0.025851 12184667969370566656.000000
3X5 2000 384 179.503827 0.051316 12186132636132540416.000000
3X5 2000 384 180.565099 0.051014 12186892532350541824.000000
3X5 2000 384 181.825370 0.050661 12187644065823365120.000000
3X5 2000 384 182.174716 0.050564 12188405488422092800.000000
3X5 2000 384 182.642608 0.050434 12189153145139914752.000000
3X5 3000 96 154.348265 0.033575 12191145662006689792.000000
3X5 3000 96 168.769526 0.030706 12191796675458930688.000000
3X5 3000 96 171.821084 0.030161 12192462812648026112.000000
3X5 3000 96 173.502910 0.029869 12193119816103182336.000000
3X5 3000 96 172.948843 0.029964 12193769370598707200.000000
3X5 3000 192 174.682164 0.059334 12195870557194438656.000000
3X5 3000 192 174.074148 0.059541 12196703831315978240.000000
3X5 3000 192 175.578859 0.059031 12197528710871541760.000000
3X5 3000 192 179.898998 0.057613 12198380274521767936.000000
3X5 3000 192 173.317117 0.059801 12199246487252844544.000000
3X5 3000 384 186.388984 0.111214 12201722339737053184.000000
3X5 3000 384 183.199316 0.113150 12202867403250999296.000000
3X5 3000 384 182.845638 0.113369 12204038373790851072.000000
3X5 3000 384 183.222563 0.113136 12205236898281324544.000000
3X5 3000 384 186.050978 0.111416 12206418984167821312.000000
3X5 4000 96 174.963609 0.052661 12209918900882423808.000000
3X5 4000 96 174.421373 0.052824 12210707607524591616.000000
3X5 4000 96 176.236209 0.052280 12211460456184537088.000000
3X5 4000 96 172.436661 0.053432 12212209291129507840.000000
3X5 4000 96 173.474426 0.053113 12212976944646322176.000000
3X5 4000 192 181.571442 0.101488 12216197484011712512.000000
3X5 4000 192 180.189716 0.102267 12217260686633734144.000000
3X5 4000 192 184.152955 0.100066 12218321883483076608.000000
3X5 4000 192 180.760276 0.101944 12219379652601378816.000000
3X5 4000 192 184.183311 0.100049 12220449436035901440.000000
3X5 4000 384 190.027164 0.193945 12224276739274932224.000000
3X5 4000 384 187.324868 0.196743 12225933350782504960.000000
3X5 4000 384 188.272971 0.195752 12227605424170897408.000000
3X5 4000 384 190.005117 0.193967 12229284307210153984.000000
3X5 4000 384 189.882181 0.194093 12230955075971418112.000000
3X5 5000 96 164.978464 0.087267 12236246140686063616.000000
3X5 5000 96 172.725525 0.083353 12237215165200807936.000000
3X5 5000 96 169.129018 0.085125 12238161000833523712.000000
3X5 5000 96 167.647324 0.085877 12239120492907147264.000000
3X5 5000 96 172.749506 0.083341 12240087760666781696.000000
3X5 5000 192 180.301579 0.159700 12244870806654828544.000000
3X5 5000 192 179.874926 0.160079 12246303451920795648.000000
3X5 5000 192 179.396015 0.160507 12247738649493837824.000000
3X5 5000 192 178.372213 0.161428 12249183210759225344.000000
3X5 5000 192 177.788312 0.161958 12250634669841836032.000000
3X5 5000 384 182.869738 0.314915 12256367259808002048.000000
3X5 5000 384 182.264069 0.315962 12258804154271764480.000000
3X5 5000 384 184.517140 0.312104 12261248598213543936.000000
3X5 5000 384 183.992773 0.312993 12263699254219010048.000000
3X5 5000 384 182.435060 0.315666 12266118317963653120.000000
3X6 1000 96 108.984502 0.005280 12276500479825344512.000000
3X6 1000 96 150.093315 0.003834 12276961883322275840.000000
3X6 1000 96 138.186850 0.004164 12277417180816308224.000000
3X6 1000 96 120.520213 0.004775 12277871745235189760.000000
3X6 1000 96 135.666428 0.004241 12278320483939141632.000000
3X6 1000 192 145.243970 0.007924 12278994419342247936.000000
3X6 1000 192 148.738182 0.007737 12279482494946637824.000000
3X6 1000 192 151.414598 0.007601 12279963029111414784.000000
3X6 1000 192 146.579801 0.007851 12280456272056358912.000000
3X6 1000 192 149.093641 0.007719 12280947309996597248.000000
3X6 1000 384 159.852155 0.014399 12281727911333578752.000000
3X6 1000 384 165.634755 0.013896 12282269683274489856.000000
3X6 1000 384 162.483975 0.014166 12282813536469700608.000000
3X6 1000 384 159.575216 0.014424 12283341060500918272.000000
3X6 1000 384 163.502258 0.014077 12283883494348996608.000000
3X6 2000 96 156.108735 0.014752 12284979303932600320.000000
3X6 2000 96 161.173482 0.014288 12285495253692407808.000000
3X6 2000 96 162.114889 0.014205 12286002418159851520.000000
3X6 2000 96 146.829498 0.015684 12286508794480128000.000000
3X6 2000 96 164.576580 0.013993 12287024258230353920.000000
3X6 2000 192 171.504555 0.026855 12288237176985714688.000000
3X6 2000 192 172.002103 0.026777 12288837210728513536.000000
3X6 2000 192 173.061985 0.026613 12289430148382060544.000000
3X6 2000 192 173.645331 0.026524 12290021167283714048.000000
3X6 2000 192 175.185100 0.026290 12290614582806042624.000000
3X6 2000 384 177.182177 0.051988 12292039845998776320.000000
3X6 2000 384 175.073203 0.052615 12292799009218430976.000000
3X6 2000 384 179.022579 0.051454 12293555303663806464.000000
3X6 2000 384 180.145230 0.051133 12294320008649568256.000000
3X6 2000 384 178.487254 0.051608 12295079658646786048.000000
3X6 3000 96 171.886514 0.030149 12297067075648215040.000000
3X6 3000 96 173.454378 0.029877 12297678766484834304.000000
3X6 3000 96 169.557439 0.030564 12298278942288424960.000000
3X6 3000 96 172.031674 0.030124 12298891746724988928.000000
3X6 3000 96 174.278233 0.029736 12299492413152550912.000000
3X6 3000 192 179.935577 0.057601 12301480157840361472.000000
3X6 3000 192 180.203833 0.057516 12302268743842537472.000000
3X6 3000 192 180.603530 0.057388 12303064399860340736.000000
3X6 3000 192 180.681163 0.057364 12303853133747312640.000000
3X6 3000 192 181.021380 0.057256 12304640927813521408.000000
3X6 3000 384 185.420499 0.111795 12307050677357033472.000000
3X6 3000 384 186.377532 0.111221 12308183981793148928.000000
3X6 3000 384 184.113724 0.112589 12309311020117622784.000000
3X6 3000 384 186.501896 0.111147 12310448451734347776.000000
3X6 3000 384 183.846450 0.112752 12311573412919697408.000000
3X6 4000 96 174.950895 0.052664 12314981612998889472.000000
3X6 4000 96 176.163494 0.052302 12315726213896056832.000000
3X6 4000 96 175.331842 0.052550 12316470815817228288.000000
3X6 4000 96 173.212956 0.053193 12317217878544670720.000000
3X6 4000 96 176.816802 0.052109 12317978546845843456.000000
3X6 4000 192 185.058933 0.099576 12321194002813065216.000000
3X6 4000 192 185.334804 0.099428 12322244173973356544.000000
3X6 4000 192 182.154327 0.101164 12323289782433165312.000000
3X6 4000 192 184.215349 0.100032 12324349831634481152.000000
3X6 4000 192 185.171621 0.099515 12325410452643848192.000000
3X6 4000 384 187.712699 0.196336 12329288435502747648.000000
3X6 4000 384 187.872189 0.196169 12330957820750479360.000000
3X6 4000 384 188.261863 0.195763 12332625350343901184.000000
3X6 4000 384 186.398658 0.197720 12334298064090669056.000000
3X6 4000 384 187.910413 0.196130 12335977818675478528.000000
3X6 5000 96 171.778647 0.083812 12341270826334027776.000000
3X6 5000 96 169.764608 0.084806 12342216469473943552.000000
3X6 5000 96 170.281122 0.084549 12343166823314423808.000000
3X6 5000 96 170.278173 0.084551 12344129889083871232.000000
3X6 5000 96 168.391741 0.085498 12345096656542724096.000000
3X6 5000 192 177.481204 0.162238 12349927984640364544.000000
3X6 5000 192 177.426996 0.162288 12351388931088932864.000000
3X6 5000 192 179.817834 0.160130 12352839154446811136.000000
3X6 5000 192 179.675727 0.160257 12354280284237156352.000000
3X6 5000 192 178.078889 0.161694 12355725831108880384.000000
3X6 5000 384 182.449522 0.315641 12361381605168490496.000000
3X6 5000 384 181.562062 0.317183 12363836629167347712.000000
3X6 5000 384 180.999126 0.318170 12366332519666542592.000000
3X6 5000 384 181.175669 0.317860 12368787246948603904.000000
3X6 5000 384 181.836324 0.316705 12371284283470159872.000000
3X7 1000 96 114.866026 0.005010 12381792498656741376.000000
3X7 1000 96 143.679920 0.004005 12382247522870792192.000000
3X7 1000 96 135.078276 0.004260 12382699255411410944.000000
3X7 1000 96 135.633395 0.004242 12383169425557497856.000000
3X7 1000 96 133.315756 0.004316 12383634690123034624.000000
3X7 1000 192 143.794528 0.008003 12384310628310040576.000000
3X7 1000 192 148.013991 0.007775 12384793926685870080.000000
3X7 1000 192 146.583497 0.007851 12385294726443233280.000000
3X7 1000 192 151.662445 0.007588 12385796337771749376.000000
3X7 1000 192 147.517646 0.007801 12386272340179951616.000000
3X7 1000 384 157.874441 0.014579 12387064122789965824.000000
3X7 1000 384 160.365866 0.014353 12387599091230416896.000000
3X7 1000 384 161.631642 0.014240 12388121036740321280.000000
3X7 1000 384 161.998769 0.014208 12388646002986074112.000000
3X7 1000 384 163.117102 0.014111 12389198490126440448.000000
3X7 2000 96 163.041982 0.014124 12390310056400480256.000000
3X7 2000 96 165.132985 0.013945 12390839274153207808.000000
3X7 2000 96 164.511610 0.013998 12391352340239552512.000000
3X7 2000 96 162.586635 0.014164 12391862519094040576.000000
3X7 2000 96 164.667431 0.013985 12392375076354816000.000000
3X7 2000 192 175.175626 0.026292 12393568549357545472.000000
3X7 2000 192 178.038778 0.025869 12394163557430194176.000000
3X7 2000 192 178.080921 0.025863 12394769860843075584.000000
3X7 2000 192 164.173595 0.028054 12395357375111297024.000000
3X7 2000 192 176.161483 0.026145 12395962341442652160.000000
3X7 2000 384 183.318022 0.050248 12397401505716289536.000000
3X7 2000 384 183.635860 0.050161 12398156806030540800.000000
3X7 2000 384 184.155850 0.050020 12398899590639792128.000000
3X7 2000 384 183.530611 0.050190 12399666214262259712.000000
3X7 2000 384 179.001602 0.051460 12400410345124249600.000000
3X7 3000 96 161.841688 0.032021 12402410590253039616.000000
3X7 3000 96 167.656072 0.030910 12403040258605559808.000000
3X7 3000 96 164.646093 0.031475 12403663997159970816.000000
3X7 3000 96 163.899736 0.031619 12404291513723793408.000000
3X7 3000 96 163.564383 0.031683 12404929309506297856.000000
3X7 3000 192 172.966830 0.059922 12406954387049850880.000000
3X7 3000 192 173.635648 0.059691 12407766970458826752.000000
3X7 3000 192 161.437811 0.064201 12408575941560772608.000000
3X7 3000 192 160.693380 0.064499 12409488685886339072.000000
3X7 3000 192 159.384242 0.065029 12410381779102480384.000000
3X7 3000 384 166.439159 0.124545 12412913437043101696.000000
3X7 3000 384 168.721890 0.122860 12414169145716314112.000000
3X7 3000 384 167.423066 0.123813 12415409704860690432.000000
3X7 3000 384 167.445584 0.123796 12416659674634989568.000000
3X7 3000 384 174.666967 0.118678 12417889301984694272.000000
3X7 4000 96 168.728031 0.054607 12421395961937373184.000000
3X7 4000 96 158.291427 0.058207 12422169904721074176.000000
3X7 4000 96 158.000625 0.058314 12422993589396688896.000000
3X7 4000 96 170.068258 0.054176 12423833803313080320.000000
3X7 4000 96 170.723453 0.053969 12424644349378152448.000000
3X7 4000 192 179.776153 0.102502 12427917780267282432.000000
3X7 4000 192 177.053416 0.104078 12429003540436992000.000000
3X7 4000 192 179.160568 0.102854 12430083650341388288.000000
3X7 4000 192 180.374054 0.102162 12431154784201433088.000000
3X7 4000 192 176.203901 0.104580 12432231408787603456.000000
3X7 4000 384 185.699143 0.198465 12436124873911328768.000000
3X7 4000 384 185.182667 0.199019 12437812040111765504.000000
3X7 4000 384 183.113490 0.201267 12439498427957047296.000000
3X7 4000 384 183.335502 0.201024 12441203133049415680.000000
3X7 4000 384 183.833082 0.200480 12442905177975508992.000000
3X7 5000 96 164.665079 0.087433 12448321169531912192.000000
3X7 5000 96 162.585129 0.088551 12449301448042895360.000000
3X7 5000 96 159.304421 0.090375 12450278663558809600.000000
3X7 5000 96 158.173198 0.091021 12451270795125227520.000000
3X7 5000 96 163.650377 0.087975 12452306031092666368.000000
3X7 5000 192 176.589502 0.163057 12457132466339346432.000000
3X7 5000 192 172.883178 0.166553 12458580513582141440.000000
3X7 5000 192 175.392218 0.164171 12460050725457434624.000000
3X7 5000 192 177.052826 0.162631 12461513777563484160.000000
3X7 5000 192 175.673012 0.163908 12462968834610728960.000000
3X7 5000 384 181.267184 0.317699 12468725721855688704.000000
3X7 5000 384 180.298223 0.319407 12471168255576756224.000000
3X7 5000 384 179.206571 0.321353 12473617911115075584.000000
3X7 5000 384 175.416938 0.328295 12476101527726891008.000000
3X7 5000 384 180.809094 0.318504 12478642184022259712.000000
