3X3 1000 96 151.559504 0.003797 595862994487808098304.000000
3X3 1000 96 188.382577 0.003055 595863375037235331072.000000
3X3 1000 96 164.717750 0.003493 595863752887399350272.000000
3X3 1000 96 165.321320 0.003481 595864137477293342720.000000
3X3 1000 96 174.685290 0.003294 595864520175303000064.000000
3X3 1000 192 177.235955 0.006493 595865046584127913984.000000
3X3 1000 192 196.207863 0.005865 595865447090891915264.000000
3X3 1000 192 197.103109 0.005839 595865845123838246912.000000
3X3 1000 192 224.377650 0.005129 595866246845674291200.000000
3X3 1000 192 206.338346 0.005577 595866663380744536064.000000
3X3 1000 384 217.386410 0.010588 595867233082764165120.000000
3X3 1000 384 233.921657 0.009840 595867663893398421504.000000
3X3 1000 384 232.948654 0.009881 595868089478817382400.000000
3X3 1000 384 233.826435 0.009844 595868511675775320064.000000
3X3 1000 384 231.056719 0.009962 595868934075683831808.000000
3X3 2000 96 229.087360 0.010052 595869688672125976576.000000
3X3 2000 96 235.995780 0.009758 595870114631835975680.000000
3X3 2000 96 242.198954 0.009508 595870535448602083328.000000
3X3 2000 96 257.197482 0.008954 595870961759966461952.000000
3X3 2000 96 244.217584 0.009429 595871383790908604416.000000
3X3 2000 192 253.742886 0.018151 595872207732461010944.000000
3X3 2000 192 265.689876 0.017335 595872685702529024000.000000
3X3 2000 192 257.139785 0.017911 595873161339798945792.000000
3X3 2000 192 255.935031 0.017996 595873635674143326208.000000
3X3 2000 192 259.755958 0.017731 595874110858951393280.000000
3X3 2000 384 269.834749 0.034137 595875056179000115200.000000
3X3 2000 384 270.640515 0.034036 595875638871355031552.000000
3X3 2000 384 270.948715 0.033997 595876213357540540416.000000
3X3 2000 384 268.293411 0.034333 595876789659118338048.000000
3X3 2000 384 275.171645 0.033475 595877363799422402560.000000
3X3 3000 96 254.064537 0.020397 595878656172778455040.000000
3X3 3000 96 259.617075 0.019961 595879151970065580032.000000
3X3 3000 96 261.868522 0.019790 595879636031583944704.000000
3X3 3000 96 261.307314 0.019832 595880118435066937344.000000
3X3 3000 96 256.262728 0.020222 595880603541090729984.000000
3X3 3000 192 268.181015 0.038648 595881893817544605696.000000
3X3 3000 192 274.199596 0.037799 595882496817277698048.000000
3X3 3000 192 272.753936 0.038000 595883089385836773376.000000
3X3 3000 192 272.141575 0.038085 595883688361326936064.000000
3X3 3000 192 273.574516 0.037886 595884286922257858560.000000
3X3 3000 384 284.207526 0.072936 595885805112453234688.000000
3X3 3000 384 286.201009 0.072428 595886625809743085568.000000
3X3 3000 384 284.770168 0.072792 595887443411366445056.000000
3X3 3000 384 286.464175 0.072362 595888264487760691200.000000
3X3 3000 384 287.685295 0.072055 595889079166062297088.000000
3X3 4000 96 257.948565 0.035719 595891221442204532736.000000
3X3 4000 96 265.182494 0.034745 595891794756083253248.000000
3X3 4000 96 262.076906 0.035156 595892364801923874816.000000
3X3 4000 96 265.254318 0.034735 595892938893621067776.000000
3X3 4000 96 264.514074 0.034833 595893509300797440000.000000
3X3 4000 192 281.650383 0.065426 595895502243596992512.000000
3X3 4000 192 284.590127 0.064751 595896272973241647104.000000
3X3 4000 192 282.557284 0.065216 595897035575584358400.000000
3X3 4000 192 281.521606 0.065456 595897814299212513280.000000
3X3 4000 192 285.631332 0.064515 595898584631359700992.000000
3X3 4000 384 292.699089 0.125914 595900917924971151360.000000
3X3 4000 384 293.830628 0.125429 595902073629565911040.000000
3X3 4000 384 292.056536 0.126191 595903225901514883072.000000
3X3 4000 384 293.428788 0.125600 595904393682819612672.000000
3X3 4000 384 294.684122 0.125065 595905545149706010624.000000
3X3 5000 96 257.307760 0.055953 595908755597391953920.000000
3X3 5000 96 258.812941 0.055628 595909452440942018560.000000
3X3 5000 96 259.923926 0.055390 595910146065361272832.000000
3X3 5000 96 257.709102 0.055866 595910843262957780992.000000
3X3 5000 96 260.575038 0.055251 595911543300702076928.000000
3X3 5000 192 276.006115 0.104325 595914410797557350400.000000
3X3 5000 192 275.565315 0.104492 595915418702575304704.000000
3X3 5000 192 276.577204 0.104109 595916424717808566272.000000
3X3 5000 192 275.495283 0.104518 595917434270660558848.000000
3X3 5000 192 275.757012 0.104419 595918445088536264704.000000
3X3 5000 384 283.152258 0.203383 595921814213321424896.000000
3X3 5000 384 285.016249 0.202053 595923465274659700736.000000
3X3 5000 384 285.589552 0.201648 595925102561291272192.000000
3X3 5000 384 285.126177 0.201975 595926744942649278464.000000
3X3 5000 384 285.995055 0.201362 595928383543233085440.000000
